84472870
80633883
50677911
64343095
27486705
26885973
82836032
23786133
81008892
64324895
15429548
54616413
63402725
55341316
60600600
35479251
64642951
45140785
72837447
73591471
14773583
78033685
37467857
68654366
54398289
47639750
51311896
23521529
63624606
11360967
15841720
72929310
87017845
65187928
29416383
15070607
17273839
23502065
33706554
62341625
79513379
82423528
56159166
58050513
78008369
66755426
98754890
92481815
51674075
81522803
76764231
95757671
43941507
68580758
80088571
54449458
24891878
14226348
98214142
15584362
73175600
82692102
19982545
25404833
43055305
83811075
81317363
47272968
79600178
47739488
72723235
42846231
37395770
28776398
38655854
91575768
80757812
31982963
83480685
18155379
24235030
43961194
44181340
22854591
44934551
76374781
94906271
87985857
92055827
37075577
97867316
46665508
59923436
26048587
14239895
32952272
19464031
95726997
20023417
99878296
56394388
73040880
27019366
59285193
30150412
76977413
95430320
80114532
62309401
21979113
93599971
14711308
57658582
93175322
57943808
67151233
82692619
24566276
52163471
71462066
18480120
82460372
25231646
12757749
52705783
24130406
68290874
98834760
93620001
69177715
74078071
97941534
21842128
50515955
59653498
77919467
65462952
43239962
96461449
36097404
56505919
77530523
80129926
67847137
71841200
50019484
60296414
53625739
38091205
92917942
36933336
72990248
48121056
54645400
22856845
88667266
94467926
48454683
13234628
13963758
14561590
91421331
70194431
19978051
60646902
32526633
63290344
83173070
63848196
66527273
37913956
59179833
32314799
96982022
64828965
26175159
83812817
37915643
74561778
72346019
87914319
26622628
46010184
35937170
68075108
53441769
83956896
37678946
80938357
76165517
48668037
75267070
77977118
62592513
39945267
22080415
92802767
35445367
77654346
73151309
92932244
53994620
67277725
93282056
12232722
92602354
34390992
18874880
95463975
64794280
74881244
31919557
55947574
89540922
29409474
14072493
69609810
66155432
94856553
97464237
54671238
66472237
35442563
29598220
64178988
33674962
52470267
80085429
88581074
92502187
29830944
42426832
84161607
63084920
50985589
76250238
94441256
69837849
13683759
30971951
13463144
99038695
53045302
78958605
63266752
94741260
48866304
61807603
72381696
71741173
85053597
41195276
77467823
17113983
17242230
80173251
68178350
66860282
49437846
84967347
51050302
43945867
74448886
55759850
21028831
31861326
98868692
48746280
33912153
21242898
26950941
25331582
50974147
79325122
91509054
41767705
49814132
45946073
19318555
97388360
39337325
72455422
86351571
99688968
51982696
87566810
34462252
69095517
65026036
43506869
43354594
94610234
54177353
34651547
23826543
72249586
17673680
19106432
36500341
12729371
80014904
73962785
20578158
10110222
30680774
76894237
58319983
56009680
53998004
77434696
49937914
78991628
62131005
59188338
11732909
84924019
37948604
21301315
47421495
15597946
67438352
52000252
63855645
12249167
70717626
11030091
92745984
23980369
38162859
70217644
48782928
47372317
41672049
34697472
59296458
37844924
25382709
57474423
24230748
50858061
76020512
14108878
25645979
52690244
21388905
76728160
43607260
82403410
64642670
24142496
65742930
86416292
27159960
32772548
41261667
39923642
75640296
34155804
76798453
15247483
67950439
41541060
73598089
40715214
76393558
84400121
60496533
89235530
20258714
86314878
72640308
63714556
28114091
83961331
25183324
89393532
20676985
50991116
36942435
64437677
40576268
94528254
10066916
25843090
61481615
16903805
15067923
87066264
13366884
17150487
36037910
19624931
63598003
19493456
91861719
25242429
38506938
84032956
24445005
53006569
34692620
48164905
60381879
37033551
95478273
59451254
40537964
68507827
46262493
80342896
67025529
34472311
52146138
41203796
81487189
40280096
50701413
71325928
98222905
38657146
43325771
51117254
46467951
40662990
60820560
37446151
55324441
55965300
47339043
83161495
26506930
99031580
19695338
91253587
58093374
47528709
56034496
79956962
94023246
77375320
98242527
14186233
82271517
39036682
58883962
13834699
26408300
50312640
93201441
38263836
98349012
94624804
94683283
17400651
56717560
55663397
38751160
19785834
99105902
70247176
19637244
38109415
72202652
27977531
48479316
10674837
72411847
36915050
89646377
83004883
82083354
40370106
59003303
55543129
94959108
29835308
69454275
69002708
33761295
99467831
86846939
86284221
37656021
94033687
36890285
58786398
43906716
55775416
32282323
87195597
81912570
93319281
70696683
49893791
10556967
23700504
70364665
47913938
61289071
36511151
46308556
41243236
94723691
76654047
80758199
91305487
62500677
40957865
81545924
97802814
76558656
19858424
54042224
30115191
18627048
51716686
30020599
12361300
39066660
87148431
69162615
86577332
53131204
53460839
83307505
40003642
69950006
46304948
21546560
93956428
86284722
59146162
24645288
24637878
23817815
55615727
48508402
81051709
44965515
86897465
61386722
77398508
32282260
48889205
84197279
77082800
59560535
47788979
55652642
21649999
82961429
55761834
24025871
35760607
54404607
18748741
85383180
96065647
42281397
59559265
41861604
69921338
54532263
89306630
53695467
71441418
47409232
22954915
56637039
50520659
24104298
97995491
67525888
58706315
62351881
74696724
45057494
96117859
83270439
86767014
84289354
98525834
43976520
34371646
87470379
20024059
77719544
48563929
53660466
69233414
72171174
43338526
21384190
54790348
49524970
36967614
44311803
43887880
84896442
90055406
51222955
94630492
83865354
92026065
99521744
13275332
21692191
54838868
45305778
87037881
38762434
55982643
58041629
74333816
37272411
10127325
90169066
29463133
79887468
11283313
57939016
98726107
21606790
22104341
88768802
55915630
93054481
76055028
81652956
24997097
55124180
95402429
31961828
38944015
97826943
86219761
15499763
64635516
85099522
27871105
56003700
15199350
76420771
47020409
19180459
15689456
27442563
63092698
83065924
93930964
45773312
41619553
23673089
65561852
60974025
16747162
46567994
77787087
31441994
12078618
79347413
34907825
85005259
21005541
59392571
78924629
26864307
49092884
45068678
22630468
29772352
12387519
13694785
18295797
82942482
87267208
93193428
79610364
61834942
90273016
61873025
67547574
75664015
64534707
14282548
59116927
81000501
69236074
28938025
49225249
48938281
59054013
22817763
30205558
99837037
76364700
62636341
82526458
84005023
79877241
80028874
14923497
33332720
30658976
66096057
45962272
78692393
55130542
89041993
12458410
62307142
42442118
29786564
62522704
20520460
97481801
18192287
13722477
19379201
44852142
88168548
71044695
49891283
25817867
42741873
48328382
15920827
67818705
89095424
65785086
81371752
81182133
89589483
82200970
33768546
33723621
42243947
70145288
91128047
19607203
24011816
52755049
96192406
12217140
13636618
15324059
13813358
67181847
24392634
29394656
55225570
10671420
97326787
73777023
68310684
76369107
43942904
61901877
38854967
28659022
17986894
94106325
97492452
33720675
19541463
42742592
44493500
31959571
68261554
90233098
53221390
33665302
60775851
39196563
54795807
30018657
53182957
45923343
90532652
21792625
29774183
54473447
49765227
12842641
39969249
63416774
51867030
57863180
41546859
65840752
16277007
38060750
49346918
88407327
96447140
78565228
33443051
63009865
19260009
64002519
11109470
90603088
19934372
69418308
31057518
38030361
72877672
67093259
15190232
32092862
36317929
99773506
81785951
44586042
57000749
44418287
65193108
48910499
78939434
29232270
47695642
22256972
68611080
38750425
73322462
57741219
86490622
12434605
83314683
84388445
32543175
33271003
73448342
51137069
19703363
33132710
56093893
47099420
92685821
81156902
94193065
75441232
76099299
80170950
90988108
17922973
11338978
82368167
24702869
92492617
93761601
80917452
25493422
35452933
86893077
14827104
50988329
96318683
40495667
17987454
56120131
94372208
16116566
56645446
91456150
94639393
54232675
11730179
71098416
70096856
40517093
84908878
84097356
22066612
12547589
46399956
69502948
70648681
50072337
87522976
31048227
23300065
94606972
62630512
62301828
10393965
41947207
69768135
79892325
31675898
84007070
72235700
57991782
35193994
21295289
26217271
13490915
81006879
62566558
74101359
16377489
37994249
83330281
86597817
16039616
23502476
68836753
56950307
20267687
74753326
84588219
20955644
79461632
44235742
98655244
39516476
64309923
44371144
43993877
11014945
53354043
56847290
15175133
42919276
86883797
71433599
10787375
10509282
28190050
17245773
69072303
43348927
98208108
98100926
86966411
93316156
94815142
31239841
57689190
81177123
33263204
53576080
21007682
59799020
95529435
56141204
68241805
82361628
32849501
82489713
63597047
89017381
45506390
97334839
17529455
53780880
22489602
10141995
75129861
42941824
35415614
20742071
65324733
73537859
90098241
96857837
65884011
78656324
77082656
89743697
28027422
29003564
60730852
25799244
68936494
32625621
98288388
68771183
94959603
27536373
42535977
15687318
22408916
61871496
78236221
64108997
73024291
55267840
29587269
44907964
34107400
13216146
89872938
27632468
75829128
85544347
93108543
96744687
41389713
12545422
43894103
59331409
70704893
52273864
23840927
79779038
12326070
83884074
20140121
62173247
61183676
55320480
81766170
30566962
96599018
15434528
39601980
90610910
25039411
53444633
56972124
88333077
87225898
47716135
10231886
26630568
77035933
82452742
78240690
36208458
23123518
77311885
94271629
62602591
68545420
94713402
11512199
31651348
98443265
34930299
77076035
83656814
86096152
44906967
28608469
92113845
34519691
46700633
38824051
76604517
60345491
53445947
10802734
56265614
51014604
34945919
88965145
73987293
47819436
22503569
54215583
90458794
12257969
53208521
94750499
18759376
43706223
62534991
54955299
19954192
59671603
20043691
59802993
11559283
90628187
79607692
45935381
80479560
83392318
51031944
34660423
88260746
97893813
34082918
81001897
21201774
25150587
70120500
79596802
86832476
52757069
82279664
45516541
96349164
33425111
33521259
19476091
30594352
28749400
66885875
11613605
52122642
54281637
69721120
28616140
83563942
21876763
55587888
78712085
32840511
62868795
35449182
25231116
88018754
14528511
26631390
11105459
91276700
16765027
38243876
70630346
47911568
25809888
86115718
91530889
20088077
15952582
46896650
69044080
52592004
82714177
65063501
53210518
92448362
32596648
84853555
83251213
80436185
16776265
51730675
79137789
98444814
88619182
97496791
24177142
59992241
13277191
67677831
27333225
18028898
98719922
39947302
75146378
57831330
64629242
79704706
94577120
66801111
81212755
78565825
95597177
45268875
74378943
51183298
63581881
11735961
94956132
81847689
77345933
42242517
77583727
76602771
72801331
39806080
83976777
33945546
69349001
31467107
31130713
23987164
66229373
28012648
61211347
73207056
13565115
12724988
88781567
48294317
94528333
85343429
24264762
45344003
93046134
67078627
44665719
11232510
91796122
60410108
32983084
76861113
90361493
84814257
71432427
92014558
51927795
29246460
75272100
99365936
65489051
60707883
53973740
64246151
71624474
42539616
89234298
88529990
49634125
86717979
33451415
63509428
25355915
85227977
49070460
38092817
28421377
54467251
67841822
43460237
22050191
59588587
38419566
74164632
44356869
75205357
93703353
21440868
98810334
68110881
53284491
19216461
59503441
19118660
41388652
62962764
50021063
77910317
60327668
65392613
70635210
36830238
11732160
87081969
35471833
12025100
88403894
81508801
89323815
79189614
20402024
84415850
23023270
39505406
88686038
31038252
31383196
26730227
94339279
65701281
47868501
70029235
39074587
56718082
46495099
77848839
16830858
44797119
36655787
11407625
41800529
23785032
34204760
97461782
74037539
31209479
91818922
84125411
96117823
11010486
97303091
23969427
78884437
65642981
93568734
83636354
74612225
80745601
81325187
30630597
40450321
75851054
44271219
30187220
20781535
50551050
13414154
21962617
52347934
95726514
58370814
18114968
11836127
75879556
43206669
74919246
49899983
20904390
81432402
52494188
22424588
26206199
60783720
28311619
88310962
46124129
26787467
12080416
21155201
31355283
80011174
36916284
10704605
17884024
23694099
19146988
35039862
17407298
21289849
78946073
40328039
35622706
65721092
66519471
35505985
28202407
24160914
86470336
16632710
72694013
10060086
41204712
68016947
31473212
20985902
73270536
92805715
90997097
74811165
77639087
97827898
55748855
81822409
17421233
85884102
49291921
99478432
94075154
16347621
57300759
34449803
87919912
95243226
53521735
26052613
55335428
59387689
70011224
46706943
51929675
98410756
13255725
42115021
42167641
26543161
42124128
85389545
57679767
68594941
49898508
34364807
58124869
20600212
79687438
51842987
46734462
10483615
62289394
98427269
30592109
90740575
82731008
13722081
42049390
65794909
20113115
23074989
60971180
13747702
84313140
42592743
86225317
51755485
28773768
83715332
95584059
21543417
20467928
58152109
27413788
91335878
87597586
58251412
95493737
93944393
85034546
77818292
40185346
52276506
49098439
11214646
34073560
37108385
59802631
69682032
65522308
53026422
51905108
80683532
99517247
36830156
13450994
11585361
69967780
36074226
54862605
50921418
74237740
79864659
53856934
64330567
96166581
78241296
20025533
74674591
45802697
47500157
18803374
92983916
29855219
97306928
80837321
16700381
11791414
91519400
45937473
31948436
77991235
58933518
91721363
40969375
16751338
70847789
72894030
89884525
81705710
77678593
47417144
20059208
39111286
71158468
71279954
61219970
30052517
52326321
99215958
45442775
33110856
33731992
92738126
56305423
13639006
45542577
71011082
55075257
84131803
53315279
75168548
26235820
72305807
57619811
65516585
15339710
14948188
53404966
41450311
29977858
78135303
95389972
99160826
29480545
73150326
33126522
62978575
98189935
38148610
54246927
57027890
89948180
60221020
21849546
42695906
29253082
61534565
29828390
40061621
20079987
48176414
86581622
23895937
82937983
37916436
37987760
39199552
11084330
60997036
45435147
72489142
93160010
15658681
81595853
10155408
65017897
99670029
68777780
31014907
96898348
55324021
15554057
25914622
37390824
96837382
68291994
19045959
61895592
93863347
94062312
99621140
13450995
11336140
51585106
61752195
94007190
22715187
24234172
28252330
70632254
55028005
82884832
85111697
56636167
15631691
27769054
65155757
75113967
66351257
87256931
21855915
45695039
58938761
30461759
33806862
76071727
54304062
56831280
74961410
61537855
99535616
57639208
31155626
28569736
55856086
29792402
97410051
86616293
91665390
94411766
72758115
15924194
21062273
71788351
33741430
22152359
18840649
16940309
94608973
86395889
33331837
46153584
46083686
77504990
11639654
10880724
92297924
83838308
66307605
31334257
84583870
67171126
13960847
28503999
82577953
21924584
10837272
38392346
73131992
56213937
35214595
65904671
72137032
51450744
38144384
55353838
59903522
80822774
49680335
56932739
93671386
76968362
42741391
16942201
23234873
21683684
58431713
68691377
19899991
84776283
32463524
26652716
74437301
59603145
60669210
13014152
78414494
94076767
81836723
11015355
31880620
90680074
69449631
84498808
63287275
80970123
68754275
98690322
84593526
59421904
86554172
93357736
91991431
48748103
38838498
69136872
97355156
30560163
96951791
52521617
56913439
26580866
85794633
72551020
19295483
66212992
13599417
94466578
77507110
14169755
12064826
45717772
48219364
99101721
16396799
79802164
55783676
71542224
67677491
58596722
41938476
63444227
98812453
65466316
53747520
90609281
43861957
36867666
43761589
39288323
17957842
72901241
73310016
36766707
26348178
81141202
54772448
65091633
27849144
10109080
79667539
11077820
15926281
10680936
37275880
31049387
72372005
20314867
66314620
14551712
55506773
69608673
20134256
70427478
24169517
37007914
73378363
16935999
79289633
69726957
38424237
56470831
79009456
91023456
64585286
34043919
71664383
43114242
48654892
42506472
48975536
89730155
84564603
11924796
99615449
44059403
90586390
71904997
17311755
49499057
70391630
45126052
26955881
69225916
37344821
80089540
63345462
41703226
25073718
30230303
49224937
32406671
61372904
43190362
32421449
85745799
35936283
57274941
50518769
24058490
53478185
62090609
47657334
38423924
77250778
40916927
90894162
77826678
18504825
96605309
32204709
37426509
70541723
34828905
45581683
14372862
32127901
54350511
40774885
98911945
87252742
97699937
48357882
45948718
85993496
22225015
61449651
63812502
62135290
24617995
62760479
95638806
54943849
28683636
13609961
74120027
80715210
25874688
27012313
76888195
71770109
89270797
84889376
63473868
43039788
49331519
49843728
56122930
39967531
58441678
95894189
17159241
90874481
50349553
90309220
84912939
90339704
62273469
75602600
86802768
69217254
76381496
28559171
77916558
48458344
31859118
40178535
77547690
42420902
26759033
88246619
81374357
50180680
74169293
30429325
94445422
89645611
18658395
54475724
25502575
92144289
20518959
72669821
53414147
37439127
83214220
31715066
32299372
18034792
71513123
24793161
14059446
65161005
60255510
70041964
60797524
99966658
65351553
59616477
79038179
42332499
76228910
72147204
47088639
34949471
79262060
67552632
93087823
64885439
29885679
43575485
33827036
87722608
95864766
61999207
30158329
64681564
93414838
14980225
55965256
38736563
88101515
59432644
85065653
41618875
22027905
39762762
36137976
77925016
68121111
83272326
38141686
36283960
89568299
42905402
17815545
24126932
61070247
37636883
31282155
13972368
97775359
28816076
98360714
76389799
69471993
13259376
77362752
92420645
23526206
51731855
63235356
59498254
78454814
79431146
33894662
98807081
14328380
58928307
71248201
98406070
27072294
73013955
67953362
32804144
80440957
11334032
64568549
54506824
76589022
80149400
92286332
85837031
40538943
91071573
83784963
40130101
78663142
17290797
69103504
84626303
71947091
55064153
30266779
76270833
44135535
26028054
16738697
25697642
56019273
97958663
33919151
37092948
74553058
95164089
98752868
61173505
70021082
91076613
24660453
95287769
97375637
88949376
41840855
93512101
44876410
42292392
36194252
81316963
45253949
19523719
76303392
92114805
52430735
20386534
94143367
36487113
82083523
24738884
50718412
49137062
57587433
97965939
66379695
98881884
56220085
66563571
86654926
11778717
53632315
21972734
24443367
37036065
96722748
62936454
63806829
43636360
98266985
16909895
65000036
94827538
31673412
27788257
97080535
17563154
60956822
45443672
28233045
67979117
78823410
62434503
68088692
31186105
31860523
77887290
70706945
59297921
25629055
49175911
32875721
28984270
69754941
19828877
94294573
17686689
78027133
92093741
19552554
50714572
51983824
15691938
66277961
41758832
71388678
78045848
88864920
51256270
45320365
66117189
65439984
67191604
36485871
96403181
43101326
28434445
91813665
18001759
11522590
27181054
34295117
73300005
45578896
68286205
37642343
34173981
27339450
40138834
75290168
49711318
73509449
67664073
15563867
96258703
82146135
57504304
68939757
54730483
22931553
54055921
90141559
50765048
39901376
37413461
77099459
94912370
22864514
65023628
57525595
12382216
63050603
24122469
85789920
22267403
18823980
80849821
43990958
30114316
24193559
88702389
49998768
67328662
74154007
17427856
77103576
83846415
39088770
10980528
47482216
72965699
46645963
64231594
64116404
77166799
51969580
51401840
31154244
84073555
11035209
96631076
97940874
98457246
40235808
11293989
48358144
40690357
49866751
10716624
59770994
82511469
31848655
29742999
65076736
61361401
96771867
55627164
10652621
27939608
40327180
41960196
18631139
65781653
46655084
52623470
62763224
31549798
32775156
55022995
28087399
43483691
35246950
91135185
39974464
82616375
36298746
38951937
70851330
97674637
85634292
45371954
12483191
53844152
11387191
95708984
13005016
57462592
82263499
42632932
96248444
69280104
12938850
81543459
71841763
36612395
95981332
74788817
86437099
36889116
72861254
72923721
92550800
45314210
95755337
35984187
18107950
61451153
56789907
10076519
44411021
58056823
64625705
22819248
68273254
59270930
16598145
64401606
28324609
20602592
71694312
62676317
63927391
89532637
60176521
30439635
88088571
29975903
91281380
11374702
92578500
74033806
11286660
43239577
94737764
13304825
47659112
18413552
11721811
99522447
63984592
86798516
71137500
96340706
40834907
26272324
14980453
23862112
70988962
48200627
29837565
44572028
73601413
66005279
63486326
58197781
96807804
82736774
24427922
62588562
87905057
95928395
21800823
61310621
31360679
24853682
38092625
50394439
63488662
35728282
44444531
38520275
66494376
11684395
24408305
16650514
88902066
98657734
70597739
87941307
54378739
99412709
33578562
58857156
54760370
91872362
18261023
77043287
15290592
62536706
30935956
43064831
66679019
27035524
36062821
29341989
23978558
95093658
60787813
11722240
12752171
53025998
42725595
31034275
75938275
52497356
26696194
28809001
93047121
94285957
25436945
18362033
20821194
35802438
24762645
48706046
82788157
25432819
49425411
43693946
92032022
10297628
81379406
25018756
24648519
94593916
25488527
22690270
61491900
33280413
13892959
64559793
67100181
80065127
60519942
63095707
66894560
76811572
72216862
99227583
81788198
96043490
47363887
11658173
22688589
60017498
58494736
17524014
66475362
27676512
49768807
60520474
57284596
78122437
51219569
86899668
70876368
80612079
11296908
78793990
91136705
82199840
89905886
95838309
77508418
97433088
68861968
21052268
73129937
68959854
51091675
61124102
15966434
30422118
81822837
46046549
68392620
71216037
16877430
71374634
61281860
74642405
15141563
51692753
89471589
95587995
53293525
43366514
26197592
68672336
54833666
52996661
21770171
39634528
66208828
10472366
34900172
53335705
11183645
36690499
15809387
94086535
85644771
38934619
94880766
37071775
22999710
75777205
27484398
11509025
82256365
75699588
94626994
66187018
13225898
23950178
98099358
56019364
83825656
80872242
65757312
54078952
59486029
74029471
36156243
85824720
52413782
59535416
74936953
14783747
37333941
63008223
68822613
45681756
98578337
11773189
93681076
65234844
10381907
57798740
89039846
26540153
54897348
31550958
36105325
72191999
28916102
57904590
39814984
13144495
15236708
14540436
67916172
73636926
43857095
28933539
34316292
55120761
50000488
89132398
71673926
75866654
70837224
31433076
93648291
67703292
11452460
39624758
86679906
24383367
37862989
47317783
88326847
72269914
43373549
10585052
24184461
59820484
95086897
58831398
40758748
92341201
30517947
16079998
99730837
19461666
24025730
50630870
74844058
36762359
44879455
93263624
89634940
74779230
51361285
67964273
17319038
90317991
44165750
31395007
97492031
36132057
91823106
10839012
74304441
10023719
39123980
94887933
89556648
47500166
70731602
82156064
12551377
51324220
70135939
68904193
53716639
49004700
27491140
12998124
74017338
51624271
40723252
40175605
55635501
77505127
19972732
79023648
90054794
59767581
68360233
43063771
21022923
92650632
94440607
65995686
71697622
55833482
37937651
47896623
83987529
40743695
75082404
66356477
97537120
97568285
57316859
52769313
85921250
58654404
22344274
77227827
30305069
25323893
31298910
59480044
69938028
15171411
64753601
94626413
57563049
13632605
93755134
61570317
90036302
15580424
95070081
74988003
30909667
21763705
44248301
59589395
23893259
56477195
68218290
43384445
14949442
26566963
48600582
83767632
92306550
30024561
72634907
68348321
52590228
79441333
31666555
75421858
90580633
27605001
10878904
97730733
49312312
47953450
35814653
52500128
11998935
61705409
91198100
68768292
92923780
47878583
93151410
61841748
85239626
12988503
50949649
13272593
93858126
92613280
75658054
94430683
94170738
21919311
65503331
39212311
98426124
94167709
74679470
80871746
15230553
15832549
40780584
96857624
26674673
80850213
50436233
37266194
11517482
70879921
64861110
80940231
41701783
99101120
91594291
25944971
13102757
85588483
17257249
89340869
60742496
41545076
58745494
59202721
50409599
84710095
10233228
10607805
20968033
77035407
22919717
10350676
86751072
43252355
87258754
79830731
34849076
79478103
56785430
66489746
87248537
87002496
44129375
78007859
90601676
69750369
86957573
74304419
87821427
39256178
16668673
12002329
26058203
70024603
71656037
92895333
42319487
82291569
25596666
71576498
15964808
47958077
44915355
51031694
53703912
38809879
27084796
25156997
84513541
12418739
35943600
78337053
99717512
40652131
80905707
14920370
83520692
96130752
84715958
99964289
15949215
84691826
68609777
82227936
70286214
44859594
86450126
69976933
56894538
25201490
92493554
83696154
73110646
15318038
80198354
71215221
87586676
82319187
40020812
62182930
69769508
61056412
72829240
48180745
46149280
29770711
27079382
76268334
29391800
51447348
33450608
66828966
53926551
24556516
38045283
25217903
93640176
46284852
96278058
88532165
92432608
95727321
29425698
97243448
70747070
61321473
69902737
61373669
13581646
87149856
70594876
70149329
26180600
45232737
94116476
72579740
17891716
98687002
65929040
46672493
91603498
32480746
70303960
91655297
79688089
76641887
91311824
91022891
52851624
37189288
22218083
50717658
53169100
31576722
19759868
37026669
80322991
51652617
66809484
45177341
28351327
69153388
54395590
82167110
60855061
17767436
67329340
19585480
41880709
56083846
55789322
89466482
28218100
24974227
93497207
71372109
63728113
19591138
84818811
22696257
88968209
71237933
84520660
77752476
93056040
20232591
22818242
97921288
12162882
27966537
89402649
52007894
43561079
15791530
33716684
41164797
50797992
32345909
18147930
77223023
49304459
94560497
41246036
11400770
22843305
12014593
81917576
79716521
36085397
47487294
47778942
18862492
34356039
62884417
66458332
43536632
51389556
99774460
86533590
17897441
24324696
98241898
78648490
57580487
63925290
52795193
61604122
78570876
47113903
35626668
68595185
89366230
42594883
25200518
34061840
24216137
53416271
47142919
24394960
13320748
93175618
48952251
71337255
75468115
14145273
91941894
73953553
70387988
85559066
69694570
58018580
63728678
16275057
21411641
48985480
74910234
12144093
69441557
97672761
22213577
28702657
34755358
98808942
29906678
40792031
69391244
63490297
49723172
70838045
66831001
49250275
61707541
30283206
47372708
68929036
21580710
71506550
34332021
92856794
88104105
60164640
53718698
73340010
74047840
72735961
15125701
72074305
67904246
69767264
26177301
33017597
91240471
76585151
15849052
66990319
65541206
26192452
26646393
41288353
70241861
60646144
65130316
84676442
51388307
40499729
11627414
15627118
98022712
56090337
94541806
60930886
61948004
84055833
91188693
20644052
77728430
28331502
39976303
94348010
90958414
62800692
46563943
15423540
25315422
99527087
55517014
19080346
64213921
98793204
26635020
79921006
27507418
37582844
16829395
17199967
51676199
26768067
69386452
74508058
95676585
39645120
51951219
96662114
81113197
26601560
64929104
20958932
48052192
16511724
22299644
37924484
24848798
88335677
88813588
60196796
35146834
49594557
14771887
28829661
68782808
16968868
75228368
93833367
59843079
25785203
13481076
66646940
48037730
88382309
73281446
51006145
48769864
40926118
80168830
20990338
49456092
20047131
44892066
32716525
32862560
61757463
83873507
65761499
10910712
15698000
61307802
29389704
60817633
21058303
39788688
94004496
85411024
89166113
76487508
63904423
61121326
73604347
16425974
49905726
92181502
46257872
65719955
58063171
55290379
53117979
29588752
66221959
90215505
48922366
54896681
27948573
85022819
21923658
35389836
43953443
83540537
15163755
35096200
65259950
20500048
12620367
28698358
48101312
37715111
28450522
65827430
12715970
53984629
37961365
23266652
60390717
88410657
72963453
44762588
91498038
70480083
60911769
18256874
76898091
41423725
90221736
53361344
21759918
98728859
72850201
92791652
64278971
19038907
98463832
17278652
97176935
39770062
74623825
47607531
25818567
36024115
35627302
61521586
85491179
35526904
83596797
41066679
29835435
34743167
21931160
19452044
57016392
22419083
11476261
60906516
55000985
91667637
41441924
76132966
95196540
21982763
71206917
14243687
31510983
63452271
14459838
55672271
72736799
73254708
51590486
13257104
30404814
30642684
95561204
23722028
83840228
71075678
36301401
99251366
73367346
69501080
93979058
38991580
33961828
51785333
28896110
44791961
81211702
77447653
65838346
22999453
76673718
73653591
83475207
91004810
96439575
35077580
80933413
65898181
32296304
21036630
71365574
13432799
25716041
46435067
17784778
35378544
34874372
52630643
32575852
67420373
55185802
47362111
74126660
70657010
77202174
60260928
55594642
10992869
69182918
17090302
86639402
75640517
79578876
32539698
83293222
90799327
28723963
42330307
84912361
97173402
13453793
98054681
90654490
75177113
29318200
21560279
95673671
91453365
23264144
48042919
77727187
20832596
74978666
64469352
67373164
53821853
19238465
24648217
82331457
69965450
78708921
70246019
62242019
87058629
66566029
87077967
53174928
83332191
52298728
48261402
57011015
46570321
75159256
84284176
35067299
68266494
98797663
59041033
26200501
82448162
76280597
35778591
54392656
83717813
99226056
83695993
82513161
85132978
90550693
58384791
48492069
32071966
70621764
41836633
36272325
63363351
64117598
88585492
18761316
67164549
86640478
96280292
61246532
75953450
78479531
37810408
89688327
52546373
60505233
53067589
35432724
30225407
37796766
42317476
67032092
75330545
12826985
20780767
33667499
44997119
85631318
19300563
94880522
88968449
41783158
29728856
64444115
57324893
78451688
69582707
69825788
31393899
46287153
43567002
10844886
75191578
90919147
34803386
34355393
21423199
11721033
13895249
56541440
28540615
31488615
46208910
97971496
72782420
86954440
47919288
14866969
25699439
97479824
70737281
30400271
32840559
15185987
51498164
46932329
31901449
13039800
80795412
79167943
54838146
67707990
31243721
46837869
92532794
12369143
60650660
99623535
88529331
60222870
50119557
42135213
58797403
12714220
18640780
48030376
15613490
97468805
68778734
27678797
87980314
34586673
53955832
80905768
91613567
94788402
37420095
10175744
27591492
45039066
89586861
38417729
76347087
13403122
49824643
21834898
56440460
69856807
47390929
41923031
36754279
44999842
72879442
80089503
56770949
92150387
10585625
44853856
59338155
36088117
80138888
55195780
69893387
22189460
24819596
88025260
61962558
90560367
86457758
83766836
74961486
60462736
51305435
64332870
13863179
47415545
77783334
92343972
48734985
17753477
41873877
37122468
68298827
85821454
44806599
31274685
21588550
54337192
17548849
15766638
41211977
90136146
27855000
68223448
93861736
16891710
70485771
22562059
43157051
44831593
43280069
77973023
81439273
34290377
87561152
67747043
57908492
17491228
79024948
22446508
29696668
79774467
61072012
57695704
39561027
22307008
43142732
40730159
43079426
24128343
87120474
39079920
23884014
21977748
75463215
35215286
23318682
35848025
73496172
56691388
89457700
62622713
16547079
25025699
77675552
17543312
89699773
57249139
39733284
24147684
93530582
89658656
88734903
70637049
65209189
55989382
95730036
57742593
67260533
18097546
95972038
64058415
49871123
18028385
21350414
57230632
72008098
56117667
27799579
83644169
41727435
40091072
81463848
90645268
81937519
12971654
86515714
58592380
82245285
35493075
48201950
65543433
82753078
62585331
64929550
83929998
46310584
49762897
18092332
12761143
36890881
44517575
73010950
84060617
43142203
83923811
44745776
29246706
80499031
61427410
62056976
30972943
98340902
28971180
81483311
86726218
64830885
39068026
96207347
65793728
75778715
84042067
66957426
47549882
70947740
89216996
24665374
21714872
10630941
66105071
91848972
72758384
54947093
35467972
51191076
23662902
15012734
80689770
47695398
52408161
84619950
78823018
70930947
81431067
43747543
46189821
10802802
25729304
17857968
75575463
53097564
75736078
60301106
32301214
32663789
31915401
62748360
58903093
26599730
80688112
93967195
15956821
13638704
23864850
60887367
87081575
46887800
76592438
28658154
62354859
92716750
11743063
87810948
37583181
83448661
16848650
98828153
36189852
89212600
78619054
53949845
52615537
84927781
60291066
35904012
59969794
53137685
32801711
65966926
24088346
56356347
68687940
82460184
54393734
72239704
63885243
94592999
62600168
83799442
13444582
27502868
47659350
23286181
21385741
97464103
22882978
13225691
89850193
12190477
84761173
10140984
61088484
92377742
55531942
65522178
31867122
73056408
50743106
67927259
75950215
33082500
29850408
88487669
56634409
66979260
94180520
56350910
28962052
59318739
43891259
60056128
15112458
47457296
68952991
12165263
41311106
17946338
20249660
26414086
43617119
75483172
70211677
47786693
21819648
60461624
74788563
49031332
40367651
72350095
48488670
24779305
90802391
26485111
22135574
71355847
53519133
31260080
79377358
62679242
58035888
18482585
15873988
84965312
30180745
55240887
43505097
99269640
97428157
69163342
23445178
45673331
33936850
49330885
39272095
92094554
95617798
84074518
47972320
50935770
65029040
55984007
59843173
13254463
52088223
27340585
94082116
25978662
43458727
41355301
16460757
25558485
36873679
11407932
82574581
72684020
90677817
71507167
34634474
70229273
94400990
37167885
62573077
51566186
82596890
80048394
65322106
44526028
40171722
62682525
44338982
27004813
20705384
61262218
55921261
98849157
38330351
33492164
59150317
17092851
55882013
27919275
83816235
82081686
88882738
37873056
40427479
72813991
13879464
50619550
32431938
33969940
78181809
69546221
49571072
94736326
58017936
10210867
93812347
35713860
21860325
80789406
41946725
22327149
81976323
73232559
82173520
18781628
63386815
58771901
29947853
12988581
65360425
80755341
95524429
68848581
94159812
64137331
19834089
71481227
67991733
32690640
62410929
60750332
85909839
91920362
12342601
56641765
10685917
50181975
60429995
15981473
37741302
33938285
98030854
73543448
27741937
74745966
96746632
96557343
44436234
24657726
79104033
18155830
30755178
52336625
88302573
75025807
54150715
86426931
89625247
33028602
68396216
43468426
55920368
86788921
82405080
78923148
24823155
83571289
45790413
98588742
86090936
29922416
66110667
58246357
23132491
49291538
79537094
52033075
96963261
49064385
78454997
82616905
21423125
26192281
31869432
56840274
11439035
93748490
34251676
93476122
75553157
56912600
86888610
40883347
53120113
25209180
61667092
12723548
39376803
98421368
23398807
15696243
46860639
10965718
92860530
30930014
27870678
31770429
95805037
59163967
39696687
55856354
24206185
59367655
11040909
99767872
57547226
79112911
77600277
68841266
36105270
93736690
55855485
96727354
99862481
50496833
30937003
69303134
97891743
52069128
76177491
21504305
82148148
29260321
48195829
26720498
65433337
18130003
32072434
73194661
76758021
96689972
33579328
77066908
76495352
96338005
59793727
25153521
68608244
47585655
88798128
79281831
39231328
29015579
60259734
32084056
33561350
11883902
61803630
94703550
69122406
10122477
82064862
66288023
76665050
15631253
13537608
38632969
38744612
45001346
82214286
35922041
89551003
17034821
73709515
21037766
47344303
85072807
80738534
96884276
95146184
82968322
62427660
48085130
77393322
94134191
56217716
46688425
59515252
23749460
43561313
91294874
46433243
40259189
44601968
46747199
89636149
33851842
61679007
29201600
30485412
14468858
88462378
11021922
68826453
23663387
53203457
72145083
77604769
57166819
43290151
49427184
20300185
50706305
98948103
16873385
50114150
19358648
88776617
31724681
73736182
19605173
11853678
51942599
32143282
37486587
64982251
57254173
71140500
53108564
42143480
53821806
64792068
33130926
99373363
10011330
26847168
54693804
18240966
86830501
69352890
31472278
11102624
46208896
89399783
30417038
88927820
80108343
83253800
26779365
50228278
55659347
10802398
73909801
85124468
95039185
88340058
98892085
29703646
90346886
69526605
11785796
79350390
64655701
25040494
39407010
42723209
87894965
74465369
55381306
40836289
67826760
24857584
87697549
29084455
15973854
37708709
65692889
43381642
30994334
65467877
50754465
91426431
68061553
41519576
62630073
41665694
68664477
23045889
87982788
41266142
46817197
76991580
31910743
81900698
72436964
47556456
74390085
54118241
52648524
22457196
28122185
49270756
59788578
91361181
69090386
44138361
60364849
21717416
22178286
36331065
36000508
63825459
81945506
70348226
44706225
65492174
28583746
21001441
36956481
68065047
73724655
52723480
37585965
82169341
13931666
64722979
17865198
78255282
20688106
30993644
94624816
16292750
49342740
56365902
73873930
13602620
10656507
31715190
75671515
50298380
78926558
16346829
47443246
61483410
39392447
77715105
56684821
19566182
74789237
20346520
72777273
36373310
23451441
76417087
47638736
41944883
12059848
58782951
77250116
59015492
72953023
13461893
54747454
84964944
17992867
78850031
73968832
38830553
49051613
72417532
77575712
42391328
68664215
91040464
46363194
23258453
71808451
70902877
24100128
40874387
48310639
92790144
16080053
16589780
14160934
83104707
25595270
64800645
81321258
17287845
76764985
13843102
19997695
92650659
29470033
92806717
47053369
16389726
92702401
78992182
90318012
18354752
65142261
21463669
11639123
36569434
24772401
66076382
80637620
63131001
24275661
37140696
64807211
23161308
71530559
17515708
47021963
60827202
88597660
43304996
64116504
17635595
88541249
97439187
10602668
33941393
27568270
26770141
75209775
42946199
94059806
96739392
17883340
55643208
81692629
17454040
11891363
71730439
87146290
87166163
76344989
88740477
45337295
78799422
14589482
52322185
67756667
50295860
58739077
50386941
85226989
62788658
18809398
75600532
69324531
73694655
64013715
15565701
23135565
96365461
62456740
61431212
42393090
19162888
30109378
75250122
30080956
62859260
39022286
51033988
33282090
69167046
26576325
53408688
86704062
15930745
43978425
74012670
88907201
11897566
69564803
29425625
85476419
35761974
30643150
18654929
81991543
75472986
21449733
59678569
22772141
67183388
78062293
42152462
15355129
80882825
48840920
49041473
18194982
51011722
50393095
54857467
34865359
63308579
78492850
55753535
96946681
53347836
47730531
68264367
58821282
29918792
90224991
59652463
44914640
84239811
46048595
26229534
28157618
24314638
26496461
21905498
95746916
49874288
36710742
54919188
78213487
32166065
58473232
66219664
87150018
45546089
30824692
62030229
43398954
73145830
45287395
38174154
70954785
87832277
73200564
28452558
92422598
47685081
61933210
78196919
82162039
84462823
88736848
26492219
30520585
39113481
99164238
25985724
81949935
99092327
43314708
74963119
57822444
21146605
24381118
43738269
65179718
63752742
49837819
41158283
85247866
37928163
27222932
10369715
42294301
53156676
44016050
38197890
11956113
15390257
84503250
10781500
24558325
61167858
92711417
78125721
31998715
66335353
70599103
96976464
23379370
19007806
76316028
61637688
38619496
66352393
93365782
48441076
21744102
31325154
94668732
96868631
36929947
75328079
62075819
13695165
56000001
64036861
48187733
68464321
91330264
66318077
27402140
67296573
41687152
17041112
45795487
26847343
99597998
95220615
78468639
93251005
40268583
45840586
24020384
55342195
77161680
64487353
40887504
47534795
64944106
86783089
95504694
44619712
34240447
39545776
68679827
87087892
99370942
23551579
48275934
48559095
44099241
78202608
31946232
32946569
57800540
43331937
65641277
34487589
69522431
37826239
55943473
28797054
90093216
34562306
13209473
24512526
71776328
76166359
63757752
46965850
59213252
53298849
38405707
23161934
96858078
16490655
92061746
77440475
14301022
87287813
37594226
99770319
52599829
56121630
51823332
92272624
62157191
66636888
29738522
58801669
24056778
62850517
28451761
25592424
99377848
73478116
72561833
50556021
73602542
81988131
63426209
14666100
25465907
84139892
66875038
63044432
97561527
82145015
43532345
78025421
36200676
88842599
77348110
70245899
47449167
85879890
59626892
80636827
74357564
96387454
47573352
34863942
23545433
21891535
20383157
96440816
13024582
35267168
80270273
18864175
52514482
38814257
73073483
49567776
85371682
98435368
66117242
90790182
59098995
34954817
23569659
29727519
17493479
86638373
15038818
30108389
42665752
78304555
52639432
29437080
62289078
10138141
92532924
84591641
36769669
45969514
27949342
60682236
47128846
33379517
68739844
76682014
25120308
15790034
45888297
68714552
80714627
38306543
24380059
93381218
90065201
36303094
39281842
75488167
69813780
91079014
54950777
89089665
61907925
68430363
76995976
44084939
99472902
95755280
81315329
87049202
27111380
43536708
53905885
39156895
16438810
10442728
10699871
81754200
85260425
69253599
88196309
41983883
83069195
58052862
19746077
60951442
33472365
11623206
18438157
39239592
63810875
99433682
80773370
74732172
14984811
57689770
65290310
12665270
50956924
23814139
46713599
71631444
38430080
81515374
98781707
27077128
97346540
27360776
99854794
67758516
87306782
64902965
78867695
96461142
96012056
17280479
37190789
17880822
56660659
58824818
65273563
27210030
90172079
92069336
18973470
97759000
25935044
65029560
35699999
32685989
36565553
75528655
91900400
24489279
98151325
54540372
69695215
41243075
75662882
56702552
35269076
21206336
80157993
89026815
86511382
31628084
18632943
15416980
45910455
75882724
92725921
84147633
23277909
72972162
54405471
63660399
20795030
46732597
40422655
82957286
61781379
90397514
40323390
75583155
43903968
88281475
45215831
23039996
48544041
63366974
54294847
37892804
25567954
23648189
83622195
60494020
79339571
26501220
31704417
63046422
17115375
80204924
83735228
91142855
38797224
55433139
83627548
36351225
51358369
68297661
12804628
18174180
42350021
95020459
61366881
33215617
56125875
71733437
82354287
25521606
17068366
74565184
34049693
95424545
63224796
98940062
36345988
25284102
93878563
99233511
66785930
22501145
82484857
24223011
28383127
17015635
44003693
16538421
74282910
33899144
80942886
30524049
41986915
19835971
41975227
23389203
63352633
50267512
67537464
70671997
80280739
97498957
60645697
84875451
87810553
38738171
62265933
15044501
72400544
94979965
44439153
61766280
75946358
96130735
82506704
82031610
98094069
80003027
75331146
76515640
10769114
45434256
75982424
45483524
31284189
66370215
15535334
74516176
35538616
82421650
28506185
47424098
53603703
14921193
71940822
73428675
84572414
37851630
31299291
96867005
90108115
38289568
57031259
30767390
63987339
86212328
80231792
85866685
33587576
83711728
49859285
49720046
61828536
59783112
77176544
60445482
22349691
14860422
81941260
20752443
30967794
82539468
42830110
87544462
99989508
33931268
95167074
50134304
29537465
70038402
24299824
50050730
77443280
51684608
39054400
90693797
71569474
31632180
76621125
89074788
72841275
48041972
72401638
43712695
28613454
92265616
89269575
29803665
86532668
59414218
62904328
32188851
76868875
66957917
78384910
78579510
33381452
18395359
84107096
66534208
63354465
63070937
95741404
61355574
72577402
41157254
68831249
47544475
46786485
91756758
92567713
28240394
78235576
96810863
57512477
71847683
12458623
67427141
36492510
95488880
27198596
25789459
91502336
13587001
48637680
36266192
82303787
41836525
69829472
24373818
20192759
21887994
62421716
20651926
22132400
39713233
23396085
96478217
37868697
81834517
46857273
45911971
46591301
28346275
74756858
72587419
98184828
61262847
91733820
50003260
67845724
97347172
33498890
93984140
28029001
19212168
60217457
26152516
48344188
72598283
67705017
67301981
58402896
52518309
10926421
37296128
50220645
53834594
88592735
66895232
72741823
54090923
81456615
59981413
83902792
91044180
61456246
61621360
19898933
36148666
43341525
84994543
94769617
53225017
35470206
92298809
50388592
98309482
26382642
34769130
40691725
76696607
69281878
44464619
88422961
84541820
36987866
59397050
94317580
80032518
52585269
50997832
20940209
68325304
55555279
36938440
75559699
61765093
71961928
51156401
12275012
80679413
17661900
33509784
88545949
45864427
19574225
27895518
20031620
96754624
85939768
46508721
50735717
97057789
19096986
46150022
21766377
88243612
73473031
56900864
55814610
90038704
84823556
10512815
20331821
72164523
68024534
59631301
77408099
90720428
19500531
54748663
76032608
23343986
31814300
49356535
52402184
66028183
26860242
83468748
51364476
85646149
48913832
40706529
48635010
86129500
18280741
47177008
62601810
60341561
69420640
39168031
45736044
31041541
14697004
72425677
93884615
18235035
27163482
49942021
54582600
50647494
32805754
91738586
31128290
66651179
40046357
66223334
97717904
63085878
56971642
23237854
46328581
58209200
16621279
77497041
38515377
63472756
19846435
89431163
68473155
32462322
76287292
54508505
87914121
87434112
99709870
75282465
85374575
66026666
58241312
79638580
18561289
28694571
89842033
82844834
21655041
67176077
22219460
44979384
16845598
50909973
76471115
32147458
49375827
41103419
79310091
36540578
26073676
16519933
83539358
75886142
22141029
62937159
90184430
75283402
92307289
70770878
25371244
26102539
87801364
58591821
84764460
66504556
88708707
65148419
77939793
50305354
45744820
90807724
17000494
48126118
12708065
20793143
44667527
47266904
75306736
71276858
56363054
33443107
62541010
93244953
28902449
39940579
56776185
94694786
17151367
26474057
48557314
54378927
81907621
76663768
14709696
54091000
96018115
70623418
30095286
77900867
24657962
11964569
41760714
42009897
24093803
54930365
29893183
73938070
34048708
94489771
41058024
97035034
43958688
28323155
17923249
73855235
25092877
73653658
89442846
92617375
37259549
62665361
22546221
49861192
65291793
94870990
73959026
22890726
23617594
40328363
61421707
79765530
38448092
28292128
78289632
54250057
88261234
94330686
71550919
74120169
37996825
28641319
18882600
74654721
67820289
43110177
77123753
62006393
94231739
43958436
61491704
55206935
86243401
26218202
59116726
50454098
76353833
66672822
65116359
73435189
53002916
29210681
18434181
54798458
63841723
55350248
87035140
73389629
97431180
73053423
81885415
39573548
69936005
17131321
73877088
27874788
69802149
51718586
39926019
34629257
11898547
42587220
10825521
54650445
24836872
42750177
79394554
47974526
84203600
13104919
75194473
53125070
11366838
33950415
61791016
18307017
39179014
52418673
66282038
55943087
55337195
47399565
81823679
65212760
89204966
72501653
41904942
96714326
99136671
76031821
32653205
90003943
42707732
85267071
71736952
70250661
17638595
56791025
69691245
74435309
53086224
53363705
27146493
38999560
70561571
99224965
74336809
47689032
61641026
91887272
55576362
25320214
61084258
31169514
98949629
89355645
51716533
95318467
61718672
56864730
56982638
69392233
21613589
92859528
54967628
14612470
13606841
97624647
19860016
97923120
72564262
61310549
51374292
88288341
32188008
84542368
47292123
98750455
32449482
56863476
39891307
74691756
73958767
94019180
35360910
97912702
21503481
75322392
29278546
75623239
59670979
75170510
48991443
88701644
63657308
26200575
50023195
50680914
98088061
41059199
31804705
73472519
35191805
72668097
72298749
20360383
99432821
31506861
81441015
51571056
17003586
29674453
15690310
39264295
68774336
73267260
95935575
70389268
25570639
32558728
38532525
97572658
80199847
56190277
26823172
66522761
49222939
23591164
12033432
79056917
45987055
72566271
43083526
38701900
57782827
21382851
86150074
55529490
15081587
37839125
11894924
89040968
16726525
49976813
48850136
66534465
13478567
21472021
62303356
39174024
66888989
86578180
97245127
34186156
73177516
49723386
69723747
95416602
45717975
22843876
29514504
50353050
91257036
69823928
85281012
33103600
61129094
74111453
72426440
92762050
98199664
50404691
64220713
30015971
60312609
90753103
57110264
30212381
74539006
73248654
24357562
58382346
49079150
84309651
54987904
26304586
95425981
73245168
40929091
60896865
34737660
51935010
87754449
23710938
80515285
76750983
71297427
76043495
76321899
22621909
84561039
70295885
48613538
59997869
86663616
67640425
89344774
55116661
10121991
49822718
11218589
47185517
77926720
72648744
63232627
23125261
80087401
84261088
23605111
13892788
38848272
49370681
33914356
65022375
48817133
42809417
45070882
10150094
98438167
60835814
56494739
42118201
31956344
10748462
88010945
60197047
65838838
27554071
85906313
53971674
57129737
35366190
47465217
85003339
23859925
57203054
51095531
34477811
43016521
22005157
81206437
21856018
41987073
70364977
32626621
20044455
72768022
90193615
62180132
19157081
18764913
74615981
48463247
68303233
51753112
85122425
77413559
76423834
54050414
69510217
90808387
55581752
34075651
24361522
27297890
34912797
40448544
74333710
98832771
71225144
18782700
67416527
73443528
68151168
99686631
48198981
61845495
61834242
93893463
40411406
76164060
89782972
13611341
43723615
55336970
16550540
50158598
95519868
46354772
67064584
55109975
56778694
50390314
95934895
38809401
46565962
98917227
40056954
93714634
28980249
42152567
11057866
18516598
10282229
54643398
76160430
37747292
68025467
69169789
98606549
12281745
38343506
66502093
19198061
34238763
25044010
80758267
64161906
43028369
47983993
59150811
71804298
86706905
59396518
32906176
97034105
53374007
85245731
63205759
15892276
26864868
82776554
80417116
80077574
43997987
96998453
46547955
16988829
28161288
31179751
44040144
82057853
74382725
89481413
19720478
55718715
51103536
71387427
81541309
40656662
56083045
59436972
93718830
95443096
19415799
32681448
39812355
83840477
64762114
25367836
94378666
91710248
97537655
14777671
25135964
53985755
58859826
80608012
81291905
67344372
63333749
47529441
59768561
20379084
22095704
12769946
65617685
72714727
62014499
35645842
90256416
55698337
21387055
55794616
56171336
93006800
42945245
81298441
13926973
79974925
93247975
40486714
83014809
81069269
22684760
27249007
74463477
97387084
49141853
58554899
88946047
36445893
87635055
79770554
94185624
62495480
67568318
65325038
71145383
26379283
59125911
83091522
16219815
29927707
74960734
97713882
27854659
27344204
20283235
41280014
11992882
18510872
14313778
67225598
39056586
66382110
57145104
65703095
43843483
71890002
98719389
59852463
40347395
58374006
34132235
43482707
83671082
65590154
59069013
46686259
18483440
39057550
85138539
25165488
27860605
75920523
14202033
57677490
64866186
57486986
31577620
65326721
32825530
26238551
42762181
78515798
47458874
17916935
11756539
43178519
39076039
64020678
63313580
76028567
62393624
15866666
59416033
13322940
32786175
41283639
82398431
41240077
22036339
36287532
44380419
47549744
25477034
50749138
79735767
21396747
18714732
50092206
22733129
54061996
20957762
65573342
46009500
79318150
76599729
29513527
43380998
19462763
29546362
65728346
42476883
20911997
74137695
43914987
82950875
61752166
20217503
32176429
39609944
16563625
51970405
12376379
54154695
87650666
12460657
83714358
47410285
34376528
27345526
35959104
35005239
85464693
99742500
33835435
29959475
53804050
88682843
80870058
10785810
13771221
24201331
72548805
69831899
74025393
45211088
39826439
44766582
16292210
88159044
56301213
97294789
47364380
36450349
37913979
53700379
31320818
76214882
28508961
88980312
11253375
59974842
55999536
37031951
21756294
71449744
75955756
56102655
95970850
35275575
92709160
65138123
32806278
66147170
86148600
98274870
50086457
80612771
65688914
26063598
30675283
36673085
16738431
18361000
43232274
41608526
96963037
26090282
39223641
33758463
17076994
87409720
71613638
32757230
34880035
11813579
43984179
63693850
52231864
90631344
79879681
76690194
57007645
72119160
47951274
72194156
62112593
82064275
56410637
14748707
86117224
30623363
27303589
14377816
33007588
23977836
56995345
65891373
87615335
46430344
50901890
63519685
78910627
85609890
89887141
61611412
37920594
36863046
27242110
92501368
84578229
17358270
35927549
80446933
32711231
77260705
83936273
14396451
74689557
74423302
58753452
27410456
18106558
47159619
28775490
80702461
37632762
10810253
95160645
14629905
67278427
75727053
59215613
62461927
76742797
14635575
54933448
97022472
79404534
15749084
77732783
91023504
63559418
51974434
86550648
54538396
71739862
73458845
62672777
39030935
78259559
69660736
85888730
29820344
65815453
46904122
19156151
20497333
21201334
60091046
16539328
57051360
44104805
20742208
93452317
91033245
80195886
83523232
29198682
27811806
55477143
22129395
51255884
52903468
86288353
14836515
96837762
30814908
53724948
94134504
86000667
77508808
10939582
30515278
85390437
59907825
89295741
74472600
99354319
73419528
63080233
39878539
97937730
72179350
90470648
89659061
65728231
71452975
26662160
13320762
18016182
16298434
42883561
87982050
18198514
45126909
51736241
61498646
18501667
49308907
49425946
39971791
69138984
61861969
54930978
48181917
98265067
56412238
81794792
47851786
27725968
24470787
36496261
52350133
31471143
35464407
40272786
91716554
97855048
20158765
24316154
50064127
39070203
27121823
75535753
73237195
50082120
57953092
46809844
31191552
54416406
40080542
64217110
79748231
45868007
21210020
60007249
17971931
72702088
23815650
56006848
69999054
70937166
55205548
92862373
97611354
73732188
48190558
52098323
47451635
82862771
77817256
27169481
31601247
92027263
93130762
35784506
16558407
64051004
36225587
56293372
78448035
45385652
47349013
41036861
35600795
28082916
57952544
44510052
26291490
83772035
12193472
28194991
28810726
69045060
97231301
34231890
81177121
73864158
21330177
80492265
35085770
25669311
15239515
28292402
90666817
38634747
20371271
77961333
87052790
46369265
30674771
96095589
88755626
41173641
38725215
89739273
60363212
64589888
57516871
53639015
12828745
14348530
64314958
26503516
62235708
23499966
85486236
47310219
42830393
23180843
97255379
75469266
52119165
81913518
14242216
81211391
13104748
99098087
40744096
32442159
77988860
93790351
80546842
60079076
82094659
14100859
34921643
51595781
44932395
54524096
28851527
28411663
80942471
77020292
37830721
55136815
86475669
11974113
44846353
48137838
58299004
49253821
26283512
64469590
95964001
66491635
18190092
83586134
23015712
93249185
64959158
39819050
97050506
83515499
98554387
20998629
63320575
96844360
38136147
43664716
28003734
54140559
51347026
83410324
53288882
20734031
58041941
35223756
39560699
17548197
56947774
46182397
38190188
92339314
85031077
25801136
60525706
30107006
12563263
81181112
24799555
90637353
96280440
10270739
61591246
59620422
81897497
22835732
12072321
42447769
66933691
70646403
33957034
20765548
10999908
32387788
67613406
34077477
67895219
81982186
36020829
84754672
51899100
87825703
68844687
28137026
56000119
95964607
21199747
98952114
55746488
83901016
94239760
78059577
57214266
17944170
73913799
35376409
73730274
57819740
14757098
31123514
79174637
19518033
22730413
31601113
82481988
63211456
71827185
88690817
86614160
52933599
36972790
59451112
35355896
63133775
95089678
82962219
88644748
75226470
99705280
55950931
89234514
38376492
89122447
61514335
83681556
56696316
49920666
14603133
98234814
79371339
38592240
56117909
17051811
98211916
96049656
40529229
43779014
68153776
24135597
68686097
25658262
90538911
77722889
21917495
41678476
81905555
88174701
14041716
70163993
62340925
63839100
91549508
96178698
42484857
67018574
30163766
72772667
72887927
95844896
47600773
42203755
23625156
52097428
35910917
60883821
11149425
82367976
13370216
31472405
74891559
44494429
47003782
31454456
12437402
76567106
92948903
94288274
26909379
91682739
25264344
55289426
20684685
83093463
50721773
83661147
89064535
79140149
31219985
99466240
40403328
35049766
50028284
47255836
38099825
77512568
65511156
46747756
76508277
79141777
47691899
97436944
79405611
74799827
84557860
36512098
27666450
80972671
72366852
32941446
60179052
19204903
42420009
28709860
62126050
28551548
25842732
58707416
18517323
67252445
23412774
22710186
33974235
13077874
88381062
85980945
59561519
27187901
26758900
59446731
78286514
62837184
72491493
55748552
98004968
83073150
63379881
94486031
10939174
56144107
57304815
57567416
90173097
56617880
66499021
79129718
29616510
45673555
70837494
55724292
34092069
77325517
54188183
48742011
26892630
86347396
74134472
11448985
66710864
28332146
34349266
99328782
10735021
69184290
33526448
68258320
84722470
51854862
37076298
95853453
64068527
93343527
17271287
51304186
61843512
42298696
52082340
72853015
78239877
13110555
77807341
42186188
14683075
52123449
19290988
16969377
73980072
91119520
20115362
79073138
10859811
95561296
52055694
99287094
17760244
27208366
74879646
59919023
65996712
30067386
42786392
67390183
49522943
80006817
29285445
97013456
95650786
98598484
17164990
36352453
39994424
64246590
21115696
13130752
65799549
40107815
50842901
11798477
97137673
17474807
88402936
50244014
72235530
48979154
62673826
15443990
92265187
89011351
78065978
10296648
59654543
90557225
38719163
43628041
51265506
16044528
18154018
92752325
22694346
52149497
59283946
19871835
28909494
34217963
18302566
29855316
58464804
80143840
71742113
95469839
73158570
80676071
56569192
14262193
98695778
23332740
18827172
67372651
84571079
64783140
45072548
38153382
29511601
28895326
39186734
61552594
62115024
54690111
28355391
13178622
47779401
41554232
62730022
88549518
33277150
20616700
69477845
34447770
37497836
84241028
86610052
55265409
34399104
27334492
51496237
45445412
52984537
75259808
53559772
20281649
85694041
51959428
30013213
11576742
33969373
46435466
48796198
75470039
43597016
45370093
20010319
83036242
16630424
24649164
82931550
18489239
52454276
48619220
60336790
20185764
46321853
53472649
17679725
79025228
27597328
10811527
71839246
87539846
64959307
77991894
89110404
41103719
48098189
14990826
14493681
41114106
59669315
48133227
12298000
65003019
31334859
46919567
72481564
88596831
13170710
85526014
90723310
28879702
95365000
83927714
94567382
89512231
90078805
72153453
64575552
35562435
13369236
21719059
53642082
72682442
49684337
60841008
59204818
53498615
37020451
71185394
78719326
45574799
24395423
91988612
37837048
75673188
70729377
79330393
34762041
73476418
23030799
87927402
30265908
52458573
73036909
63940141
31157597
86690734
66681467
88178619
67971404
49893161
53356056
93192368
23099864
75724890
68114828
54317760
91064930
57552856
54669449
24444495
39611076
26787627
25942684
19805509
84858306
81102456
67215441
11367141
37222907
26740738
70351788
44089045
59215131
85532741
68795341
96648985
46169590
80896713
97245925
73466697
38010337
23296589
32575127
68328311
71833008
52230706
25697468
18793730
35149587
13830686
63494427
79843519
38038980
50182642
26362089
85837144
48652472
88606958
57634147
56843979
33810147
76563604
90035496
43987842
78457936
45662772
16885917
59609114
33128035
80327186
96588808
49967647
55404137
36302437
25806016
34439325
92435481
91383304
41884124
46300542
98267873
63493634
15407327
21372491
72112997
36084797
55965568
34802002
57569320
20719598
74499637
90950635
83064872
91762799
90776202
24217118
75477185
66670437
62481159
24457806
62254663
76452829
37692811
87559942
46775391
85331961
30135854
38516780
11874064
55118655
73796526
57631840
90454558
88544626
86123707
75750644
55043104
26333773
91678227
89102104
92515790
57851749
41021350
10922238
90635933
99254478
29777490
30555987
13853593
12892417
19998954
24992882
65658256
85710024
86301137
58123415
95322074
54674102
23459900
34279375
89981495
54808756
44673533
30536043
84200073
63874983
73894983
14597626
42153844
53430976
68047316
84583836
75964074
91281428
69073748
58033412
79947423
49854690
37510123
68653958
86742680
27605009
62701932
12917150
13882796
74016384
81099683
95263333
25662888
35054887
13049241
34609249
47424508
17569286
53290303
18572087
25021025
44478656
81385982
17809294
56030867
31657848
41599141
22410196
46185480
56917476
62690946
66770043
12090853
15130158
30097164
46739635
56006310
66282245
56447669
76314724
97432515
38025424
88647335
11728638
83388990
48321882
49298710
89591101
90965244
81760295
61768192
92126520
30717017
42340389
52411951
29287199
28697191
96800579
82806747
54545805
92966096
36756256
91344095
85284249
87748550
98972398
77662711
28942595
76023082
71761525
95776698
72337573
81379299
48253266
53285897
94947512
98407637
24790399
34148195
44426363
61370588
73069857
99936561
67008427
18443536
34844692
78981595
72697393
90679193
45781413
98663469
45092974
70796141
25527861
66808157
32007967
54299200
84552833
27424092
78663321
60335237
75403637
95006818
56657945
95379889
10191919
76972533
74241548
24852240
78100308
13419351
70250802
91515059
16582092
22303286
19374531
18195238
27427384
50295374
81458894
45139586
46952215
44403702
29910402
38774674
34245614
61698845
54199807
10032647
87345560
56508176
36635420
90886518
73545175
70341337
85360790
69424689
16095385
18139727
72968368
62920927
98927256
91005375
11008164
79072860
39502961
61142936
15429139
79135696
92577713
82445087
95475773
61593383
64018029
37878737
99578613
96449091
38643178
66779640
84669294
99208648
31530668
64610985
74545508
84412832
91349413
74901931
85597282
76807902
79659020
94147291
86996714
10015031
97587781
71672559
41189781
25128631
70557614
88329773
98361356
16440205
15501604
72987673
29615797
82432955
13844321
99479845
23692566
27118820
60491741
37248639
39678934
20883637
20322049
20194865
52072770
76400960
94101511
51484576
46098076
32808923
28117815
83511842
70399048
56404204
82729446
76402397
21895552
33415696
52604678
51776298
62390950
76412529
68566761
91882406
28931898
16635602
82269245
94936939
80988658
21739660
35957022
67465185
37212977
81183323
26094205
11567067
71564472
66996690
37523054
73517618
96664098
59979994
39915953
18305731
12428376
28278145
32090037
96805896
75917699
41651225
11348159
32539264
51419634
75110733
67843811
47483260
84138133
64545012
20030398
75207137
60370552
88047528
87337816
12860026
77700827
52000652
72665457
27938480
33294109
96658278
21512409
93421619
52059752
79580673
42529421
32910392
56230712
29851933
68158548
41244093
27013663
87588853
16238618
24089481
55762727
95146607
57077335
73058628
44021424
34911281
71834440
72633461
79800414
66450709
46223241
73586220
55059685
16897633
13794062
35271737
49207188
30903519
99347082
52529839
60795938
42090444
35233296
62045894
37419591
21494733
36103985
20036922
72774634
11195369
61210067
54766512
23185515
39952745
17124063
96778624
45469842
69411929
11496603
15263690
91791064
54054141
17484519
32428081
89049762
60962408
82513427
67865202
76164012
24524633
81867543
65639773
71821651
97204154
19211357
81911652
95340850
77577598
94441886
75443426
22701264
64630703
79119532
38286395
13775540
78455592
10539258
19751262
17241904
95832322
29620093
11855115
31985566
87020902
15887043
93294447
98843236
84042330
11230895
81907267
98525673
19209657
20634052
60766138
65652655
30639848
39198708
85924894
52926185
91798031
99093868
33477282
68803454
81751136
63349762
84235745
27145385
33987470
19293918
56229131
11757747
88584390
55592371
65671346
54107634
61100058
64346778
48700166
21777838
31356727
31217295
97512864
42473634
32477424
67979084
31303178
19361557
53657398
76649902
28430573
31677266
72157505
63698982
69645781
37608576
13844070
92530835
60428879
13780458
73512554
25028897
70855788
36318064
28017433
46238776
39774761
42096561
66707598
19439458
38174723
24520856
59245720
52418636
21460282
72688285
36474962
62424016
48476598
32770429
88931344
82901388
65588591
71941722
36560248
29093067
18499110
67911069
85218047
81869585
21718050
44511105
12707919
78680998
88102805
60826087
54531787
72304750
35782955
49360582
95504782
12968459
80787137
22143081
14200723
88312060
37041493
37918889
88919649
63094670
29708992
50016092
56886828
66375291
52100008
84167987
47338311
14863457
74864805
22111430
18534247
11144230
23927429
53150070
85982038
93997412
68020046
85902353
24402818
79886674
71270318
74719362
50417764
34957239
34317733
51328193
65180194
17123759
90075067
37877771
27475460
28529216
73388504
18397458
86835557
65404112
10564340
94226232
80505132
67138520
61670627
72688285
30571854
50068002
33976670
52895365
75140502
55156196
68473627
67382458
96557252
73692430
11544597
72324942
33574380
32289691
23838707
40760759
94399398
57469828
69727992
89583278
38608952
94351284
98705579
31312682
95629923
10470157
32127142
14161579
27999049
52946442
17913342
47772352
56554629
65433333
69709849
14709258
45837199
61083662
92237338
89391964
48870965
93199614
71414975
25831943
32567696
19896014
42591567
12325547
92888204
32671795
41782356
14027141
58002938
99940574
41127498
76298456
67029784
93735676
12267410
45550939
97134012
99821928
78105250
80482667
41955989
49429473
11921088
22215162
76437703
53665502
13994972
44593744
47564942
75193969
98622160
38829025
84320112
26520147
61125307
34010154
24262803
88078335
58114963
19559832
35615129
52700884
98372351
33140804
42679247
69586344
79836738
48973405
20316519
85181357
64995807
89614966
77432538
15836530
60985850
33218946
89632878
16954469
39813799
19282713
13282105
63981417
45736696
40719386
66919235
39474501
37013875
82748608
87924462
19966888
74614959
43163150
26041535
40141800
64367339
55904771
97277967
60461076
91657783
31140159
69682908
63918889
69625512
38996382
91777921
16633812
91255923
92970107
38442606
89830810
17568652
54893682
24756991
55024045
27126044
47502233
26239367
99920825
27100426
59733926
63208843
66174693
93407674
49391001
36767989
46032207
82866380
56923337
99140725
51287652
42602045
13289196
35291145
36323300
64713821
36760265
81078065
54235954
21734272
29023014
98924862
99882855
85794865
80142603
85633329
50397566
51601319
92349877
20378664
21565749
93959549
14217544
42602452
80914185
40482696
42138364
71697662
85388877
75446535
56724581
36003790
11062495
98238967
76116687
28625722
11560572
28920808
34386479
94597791
33248783
62595012
40915401
91195262
60996810
67607888
93639862
61052046
55274398
17576730
82264197
14457574
40709883
90172931
36519803
16690922
59947257
56823996
94031581
53348124
58379245
84895673
80315733
42954768
81255123
50739609
35576633
57059173
69560554
20747814
77142111
44950916
62604679
20812992
38377586
58363808
12588363
92781973
85521257
42511005
44322277
96824104
62039572
82716293
47447590
93327866
51153391
87300893
92939709
83220052
40221239
79504227
33053053
57800632
18669140
14482744
57054767
96133590
47284834
92856897
34370806
67331509
10762989
86646550
82143852
54517222
16762126
44230663
80934752
61519763
59079417
90685060
31135826
22389468
61046780
86843467
80396647
11478376
31611493
12970767
50082523
46696669
90586602
63279457
93726821
37973842
76002228
96462658
21133403
15737971
50656665
81224452
76459016
51301641
19686035
19224436
81600906
15535012
34946069
38987595
67928672
43195406
98658211
28963489
43726097
70238181
41020356
78052645
47068115
57039203
80206218
41748165
15254603
91280868
17942707
73707824
91823940
28483596
12325101
80351723
54092353
35151563
92528180
16093726
41790003
27366265
46182494
98638899
44645713
18216987
18296033
51246472
20199253
29631654
70928583
72932180
42241223
76655548
72979247
10339445
83102950
80685087
84690426
35684817
97054255
87893399
24148383
18458519
83320499
10545470
55561425
88271009
65493117
33859280
16796506
57514020
89762912
80639824
72988831
68567381
53754104
60734301
94732195
48041580
70994229
82731070
64887020
11962208
48860923
56211590
35632147
69678655
67421035
15405235
38113938
79639849
52438998
64026837
28795689
95124287
96553967
31924222
62767396
97208308
73585636
94643918
36809268
46499992
19174278
70693219
42456703
86006957
20673829
42245763
30506861
30101418
83966598
93929701
14603696
25506742
66290776
80414562
62768269
65828205
88329005
47394157
48542736
93999580
49439329
25856788
61753955
38079519
34104118
25796305
69801094
32149669
70293517
94064290
32991737
36944818
17287865
22564315
28199059
70342122
35703164
69268831
33668659
84764038
38609301
42565012
29022256
29509643
83846458
13033290
80926071
80343041
18723869
76145495
16751910
13745724
33899481
57357053
19479208
32079621
16486901
89980093
14902542
87317583
57504909
65481209
12059538
92370687
77793458
70894802
57837216
61542050
65495762
29992142
38927829
71466004
26913356
54306974
62620482
34561313
82454329
18510588
13916507
33950786
79277404
11485820
19857888
43563319
79382582
48666422
77480267
46034582
31472916
64925972
26854746
98112918
62350394
70289198
12021240
97442373
44681744
99503400
83890997
31812650
32638148
96005896
42386840
68538003
74012545
58217056
99072373
50948848
47626604
58344687
27964370
49518786
95713361
62886766
73745483
36165991
34413863
40075718
34151814
22883418
80369342
14210816
73435139
34197508
43725001
89509450
77511032
76271248
46608820
11622990
23429993
31853572
40925887
73353513
86555148
31625056
31648981
55300727
65953048
96492968
42169574
63915914
30057381
81318017
20639679
92843722
44449852
76299791
70857444
48251957
89716833
17410148
52318116
23741662
16556853
93611006
71410129
31282426
44504592
22603384
74139350
26198990
12605680
66561588
13495848
90449118
37006234
27187638
37093323
21471915
61452483
11849016
33500164
53087584
42222696
11107864
57872995
16984128
41455308
44337431
40031939
12438326
71414410
45640298
37479255
13750675
62343518
55560840
72573382
38479951
87673540
20510668
85249357
37557063
32283802
46116602
48747334
53257563
33051192
32508684
66295615
90948410
94495265
56849779
83154298
59098868
97555167
37042733
66869807
43313646
32121306
52276621
52119547
19174820
81201565
24524639
12756029
54827780
11912564
23814121
97874942
39779920
96861561
62445718
27231142
47736748
46393144
38191524
30807986
33225831
35313940
38408490
49888284
22831001
49042714
30737503
38427111
85718953
47610905
28460757
97104224
26862797
20128578
54602222
40411379
74458376
74022185
74346447
40793195
57886778
85589078
64881129
77586240
92604902
50145969
14983386
62300563
54601061
71351917
55774656
12646175
55366000
92475009
19290587
90035681
49966651
82100452
44025091
36210729
64029242
26732055
74970234
14112428
18603937
44824339
48471864
12841703
16258952
91168474
33000401
81603674
59780648
25094165
81310049
55106394
44430068
98258245
39750964
28422738
81725579
23634730
52707866
93984785
79721430
16068743
60569403
88843273
85406943
68665728
64348666
44850542
65476848
55663402
23728638
42402163
51182008
55069202
64183161
99357191
67992567
65482135
34369251
99369672
87775464
25207542
85101151
86417471
21279818
49557250
69404265
52829716
49343520
23749499
23726598
45408557
60245062
50777013
60927379
37978405
91345045
48529059
42928404
67785017
35211007
72570833
65643638
63399144
50999514
53476695
19753531
15032583
16558050
52112067
56649633
41212568
18404117
24145928
90460535
13184806
13027087
71701825
66214968
76486721
20616773
39411154
49051513
27041815
47301372
64322594
13386761
66671984
25262389
46322457
83692193
76698548
32966389
76663950
72699062
92070158
29009970
64568355
76396337
95460509
27135357
32502532
55149196
67272580
51988065
80896854
13948701
74504487
10915192
76985038
91979504
65374163
54532679
44962457
93562153
45862619
44569366
33790680
26877634
53896673
54939187
48127329
39423203
85852333
35269540
53397837
79877294
63106460
75437368
79362673
38018695
87020590
63342384
53945669
79865350
54870575
32542166
52556217
83003744
63084775
99914948
36365679
10536718
42629152
95692664
27689588
70427197
16191231
61224991
63287656
68939358
45665553
53110824
50859599
64506266
55538755
34607998
72159656
50067741
11118228
43633718
81218474
71330543
91123423
61638266
94337058
61596405
83184238
96010216
30662822
32595220
18057530
40498752
65476474
69904304
12159685
76371678
54113456
57432964
57724494
98153675
83729436
96269047
68294037
50165827
14905147
13976349
33717495
93961510
60905408
62665684
46517290
72251403
62658097
28075380
58272254
39986534
46881140
60840387
63999667
54187451
72987456
58970807
39584041
62697495
81991470
72102860
20477247
67172067
10383411
74113455
54478653
25970192
89584957
60443306
45494010
75713026
15067308
63490660
76455935
55050552
22479204
98390426
35107584
44569102
13877869
20927346
99647533
48395690
76568933
25131161
44347102
10424994
13786039
77409320
44420490
53197385
90427311
41382774
24112595
13155036
55632885
58862480
81911758
92456644
51635822
25605156
32102200
28916096
80664460
21953179
10048384
71659692
97368218
51931632
61370396
75960696
13219644
17195071
10480625
62630494
41763467
80975889
54508126
67803681
85942412
25118506
42235013
21909735
18953859
16919648
67926952
12474452
22057215
86815638
32335178
29687761
83058590
11153824
31799275
56481831
33295301
35150877
55029852
52597367
53455766
75824048
39014287
99456000
35571040
42292747
71061399
39054837
37415305
90767180
14239766
85770196
55230757
55112745
55991776
10040511
36243753
51025789
42778106
79436122
85265173
16810228
30140242
77185198
61678325
58987373
22311653
72936066
21121240
19305771
17189469
52316678
74605279
54084406
71325884
70213353
57727907
58135509
77785873
26981841
84769674
99007691
96730753
13812068
64674140
80656691
35811384
34217779
66888814
35908125
35137403
16324530
99229471
27782556
87898506
86111917
27939093
27959583
42596556
62264782
58929303
64835724
19310074
31311021
55116543
58189750
51068556
97085673
57478095
12379031
18041499
42694779
53672401
84777150
33185276
45560085
60660216
61283017
35601684
71537053
39445812
84352874
63511935
44916346
82820884
73833176
15482619
78563503
60595080
49565018
20743620
86999066
93032029
22847832
55851378
18173078
91629793
30349812
84016431
73468025
72122191
89019641
26519332
21669177
25532915
53449359
43059065
98687264
30384624
40856004
84754610
41184039
98819806
31281253
65725676
78697561
18623716
52284985
49225114
38533155
41573679
94798873
23256212
68890344
53944284
72108304
30220184
81938438
52889233
32395874
84613143
49624565
26581266
88513911
60096059
18002665
54419561
18986933
63406127
25372318
89484967
24260036
33158264
22348239
84607987
31270580
10256635
92134748
53573185
29395458
12525052
70849034
65869097
61240538
36422330
71918280
25313036
41859683
40339769
20144130
91254993
41940025
35874713
43496198
71570349
17229786
50131408
81035010
31276078
40025365
37451585
34153538
26043217
63099283
69359421
50602193
86064054
44669540
86918513
78665971
30714523
52892105
41113405
87829055
23798826
31065093
79145799
35633307
27284267
46828532
72106647
98093263
31092129
27819135
51651176
71815956
73757160
37726223
63183398
91643659
27583071
48888720
34170536
66617189
61947261
74929571
64862282
64228868
47501306
23313618
56361732
87583129
30163571
45355690
89988823
73955049
53908072
45511357
27563357
53213703
25588223
24889906
63286697
74369159
26403321
51760668
12349687
53492149
77413548
71973408
27469696
42356331
90388775
90685964
91183876
51810221
84480343
70181226
14606310
97197537
39517316
26205197
37326371
40278314
47788716
31084402
38603109
51121296
63664079
59969776
89557751
13810114
67464959
85083049
35707561
64607769
59446745
27216498
84218452
26436928
56175346
54881628
90268476
35810301
42479904
23619675
80878613
48620825
89126129
95195485
68839464
98115302
76788188
89876561
72078550
14786963
91939692
72706908
43995351
62020610
89914938
31107080
91430542
75907807
78918886
24431545
68260993
13138419
17883409
27703173
95017014
53842041
48933528
43623134
90665448
57042506
67736626
79834210
97925012
85669463
86212623
36071163
10170008
17553226
72989250
72738178
62587690
82717951
51218473
13057136
44785257
36130520
49275113
58300722
16327773
18867214
26161543
73060860
71121474
69482335
66455331
18903048
94115676
59158930
47492539
54799318
73890077
30185444
62369472
18004562
66738667
50951171
37021532
76810329
89478731
35064696
31876551
65274925
71556682
68706732
96485184
97490182
16042397
63102280
35080566
76067357
35983668
19645277
50069568
88817261
77960791
42574468
40721731
92279740
73590281
82550227
47477909
67426805
11131496
92890626
73549385
83215137
23409777
57067377
30837283
75598954
15556025
11644092
58458242
57521579
45661287
26703126
46419132
42582502
29673039
32930654
15498353
84825191
90783100
97188710
81631059
61705793
81910491
24735257
21426429
16299192
49757077
87971273
40441721
34351490
13818901
61216409
86899034
21112991
48023699
27814605
57021228
62244875
49967582
36058476
10723730
83037299
23895207
13164645
33060934
47306315
72055284
84974504
47695314
27663993
32294156
74414929
77712763
39582504
11602366
69245322
73906620
82417759
72652677
44702963
27016505
25106413
89228238
33082782
63208109
44195176
66314467
29649081
86718915
73042323
10763991
65000695
72297411
97806057
76529727
26071052
19133739
71949741
89780989
46979017
35612345
62196265
59069966
96134542
37724455
43406541
20082766
95547215
43527388
11149065
54564408
41185615
50059772
50406148
90268016
49944202
96984487
60667160
27737536
12979487
57414327
83879999
69575442
88376881
40707304
32058417
50693629
61245071
67966324
65135974
37241492
56813350
85815027
73744064
63553591
93440949
28247061
85357868
79125590
31309943
59094438
49536896
24434093
55392210
21611456
13412044
67854610
47093168
69841148
78889893
14193138
51868783
78801593
40995533
53181060
57840142
64434299
60039431
23799158
94302812
85349705
87240955
32352004
64433044
75749859
36567530
66185491
48685759
19231387
64122635
35358861
26207901
50459590
98368317
14852159
97184466
39441343
46465987
93793375
65610836
92986982
19783711
75728769
27451299
22274155
80186413
68651188
23223246
35000773
66223099
87863737
85694814
55339820
25617998
48042543
36002837
61254375
20604046
79271029
98878612
88306980
79636247
64705056
99782558
85885498
28540728
12760788
53255511
42848026
82624475
47598085
85991728
90396429
35097808
37737628
37287126
20351914
10344045
79609423
40879754
41208347
33754904
26567098
72071638
44620359
65720463
78480077
17347924
84663002
59640694
83750798
85720494
93697659
87819824
54914494
62078733
74635182
21922795
81794976
28625151
44447633
71142541
91757056
86058843
29833721
99091046
76894797
45796438
22674463
20976224
78303300
25964689
46448592
21441295
32075355
24671942
99227583
86690009
64871676
88717334
56831288
62658395
69368273
79875428
44494017
63374792
63189169
12340952
59385370
34832295
45793150
64124683
25525388
17475034
87189162
53953161
29360782
11465685
52354858
62839255
80979658
10798041
33515867
13462643
62837573
16707033
50471538
25610410
72069473
85456428
37101279
37092456
36081705
64092485
41706988
67141832
49905117
54665348
32988378
76849887
89766985
58172847
87383844
44113745
30233649
86651082
37299454
70386065
74493608
58258389
32395999
79149226
62508438
70626002
46404904
90924629
75671685
83851516
22868436
39916167
42674851
22824150
77407781
25400352
76066134
69456220
17543388
64595264
38280287
62397035
43860471
46399844
56061011
17652975
57297079
19041292
41011225
75020445
26029064
28670877
38059013
61144677
94466127
57151669
95401025
19699767
24116073
45508691
22140272
72537941
68843443
14540092
66488086
16354988
11145627
10558862
39672880
66737935
57863110
89195662
88222001
63015626
48870637
38803885
78762137
14425575
16356418
64749134
59920296
37561269
62268645
72154438
31760302
94223123
47859412
49330009
84257001
73924542
83950415
20773816
13042607
85724517
92580994
62919371
60830338
99851360
41194583
63540540
89094794
24264382
80592444
52269040
43066739
44996110
29087979
21209640
31840627
66253010
55676337
52603147
50432537
90823345
34390546
15829504
21151290
37627077
32610116
46829685
41412066
61740472
64834463
80355076
64152220
43541368
48735184
25886599
10312941
22016885
97217714
40538194
62069628
40643587
58853968
58702629
95472607
64527418
65881555
86309803
44998156
80978013
12269383
31336328
71774875
47111648
95021971
94264603
41155095
40642932
29946479
81455647
86702859
74068143
15205043
86586383
73852959
43430421
28305540
81579388
11190762
19174475
77366524
75264474
77499909
33971860
86297989
53472561
57211677
71592049
75509830
10637478
64188480
86657725
91936255
82229713
30438403
22482250
82809582
12345004
29952217
59324880
28163621
85319388
85142435
81656737
94653731
78441819
91137849
61551285
50522818
58518226
39032501
24523433
28678830
32998024
12625646
67718488
34374110
39836996
23303632
88187181
35924360
70552284
97361265
51680160
70893999
72561433
89602081
55884376
17966818
53667311
87884556
55853262
61029670
28507585
90629014
76378761
39920793
57027804
19732073
18941122
42212661
61875741
65781623
54068486
12118245
49338724
98322969
12931001
41725642
71717060
40422113
11187314
73356952
88157189
98297188
73767634
32896340
80126001
66200647
51294806
26568199
97697276
24867900
62288559
51745849
84665712
28850347
28838598
93952159
23996190
72454113
86940374
73017451
25092422
77060649
95428137
65172677
47833244
23786932
50226472
49736409
38392338
15320470
70512841
27148692
67950276
41134961
50595092
86608868
89197874
15999776
15681476
78693405
43236831
73698555
11701100
27946467
92682687
64991905
38966392
76572198
74650918
46356977
21106145
73456655
82883587
83809884
56749327
44900918
39700875
54409044
53259470
44357830
51838192
13851238
60858919
37257166
99906723
19623235
65857555
97651254
94184062
82235012
56459283
61865480
87247072
60485870
90883758
66627252
24377585
71081192
67325887
28117597
38568159
29492441
31735171
99553736
93332899
46150465
76653181
52046140
70923543
83893765
14231482
73274704
57975099
67937423
78191453
75705692
11287331
45516047
39741573
17124507
20385630
66201476
41471176
36995362
76110499
27875815
59877984
96873821
87931182
23752860
40665428
41773491
27407538
19837748
50421921
90838850
74882436
90226270
78496456
83168508
48003956
86382999
97758980
98117435
34650063
19972917
76887971
39098571
20579742
56570893
94559882
40332750
67783076
24508343
89821593
81799179
42293832
79659329
98058997
67576875
77428364
30889857
40938725
42732664
12848334
33334933
52901834
93748917
51791213
40040524
81770959
61276584
28579039
84542223
62286713
16921562
66143561
37033901
70789881
37524092
50166061
61229670
23704666
45687181
79108422
28642841
76176526
23018202
64754394
84868347
58704016
28972603
92308110
68420409
51830918
90845927
81527607
86975886
87553920
88452135
84934649
36724368
37190486
93354493
77230026
93685446
34315800
46034927
25530872
73803453
93807502
88786199
89547967
36300062
60723862
82010163
22781532
68175844
74788568
53383870
38071428
22401162
47477581
83507888
88217123
16632172
69792631
13196799
77216853
13772407
14601324
20196819
53575573
65599391
74596238
92244143
28864231
31422432
28985318
40754520
14572784
50897323
76099941
51084052
73509763
64195472
55010602
96924569
30458485
98633647
31648896
19855601
86857749
92739776
34786129
88654954
49791930
19534388
64840241
46918740
45839280
98198400
63478652
33769257
95756958
98297119
22115669
85413485
65712014
40320020
45700692
34753001
13996904
94132249
92894067
56057174
41003690
93454906
84826440
70373911
32807303
35528925
67943302
93493030
10570629
83345658
88534885
38772345
47141898
25594316
13031742
78504189
39434034
24120150
91431445
17880818
30141085
65071214
24055074
72577796
16115800
52887606
27100019
84557288
85501509
80494267
14139834
61953726
66121183
50056278
25318783
58677489
73173048
61810504
95940427
35768474
81898863
13667382
69910053
68380644
39662569
46286924
35584020
21086769
28517051
69431907
19797799
52206060
98495654
48492334
80482378
33202973
97679047
22519067
56196363
99140239
51698048
73742664
75711247
16154324
37025508
47923385
98533832
25898559
10483813
71924083
31279967
21278316
81019775
50679472
29624391
53395202
45837063
18539328
33338892
43178110
54368622
85086088
86724544
99434854
12556262
70241581
99670611
15265637
15716729
42466806
75901078
54171985
17972014
61189716
79575007
67002631
62786093
77878309
33961724
10687851
69278673
93539597
47763439
80253596
62178888
29848180
86645400
83721418
11391554
47732338
67379500
63581034
90476363
51458191
95877728
93121265
46107921
97746786
69769256
55239671
79627314
93038210
31743608
63017018
77911330
18192812
40604826
97024051
63362722
95893948
82238400
19366934
11375099
66460528
96804410
75280877
10167683
82940511
91042822
80665488
45710771
92010082
81955319
11897466
29359976
62229185
16411036
86267744
15836139
94767172
74761304
13357402
88092372
82553736
58560564
88579612
79614567
11110665
76316168
20370492
14678294
21741155
59641378
61573167
23428338
97587763
90488011
83126907
17496126
21852588
76677819
70221725
14694968
65577821
13802598
25249879
56394278
98157796
36668226
86403217
57404711
34058355
17836777
60736344
18181788
84349987
61052337
84709521
80477057
76177699
99649818
69237223
43865700
60315153
70497012
48219714
89785319
78832670
53151338
73060508
37343299
18245750
11523305
20151511
93654502
24890992
93711393
73726711
66122331
83591266
27779687
58578094
31435822
93564846
24077184
20012065
21430058
95805000
99667981
14908334
62277952
54588779
67313155
62355469
89351920
10344892
12009137
50589272
76117233
49655144
44862537
20698619
34937250
95893442
44539035
53489081
27113676
58308513
75043478
29340816
78138261
10530509
20793313
41470839
70260913
41663853
41881616
98075852
42405854
52838539
53816666
39626592
35958088
41215160
93823849
18006708
24408835
81826725
23042126
73783177
52193441
33846175
11666550
75132359
41674403
34242484
78260040
73482454
75254565
97880813
22993034
28291729
45045805
78553259
28319489
27256726
97181819
58297604
51539807
94021718
29430677
36154574
98917752
10601385
78352285
97588591
49057263
48768855
79001825
13076982
95271765
75089693
73749841
93866804
40941938
18272093
42978362
35126885
79126872
24354011
34203623
30915308
65759885
37510381
75653966
89949458
61667675
83676309
87400643
34312296
50394567
97757764
37899189
32794621
83400157
69969853
65183835
69867907
95907172
32232526
85095730
60632074
12763510
71687391
67935393
81533637
79844774
65120430
78596106
61784054
40952808
55812857
55269640
37182552
47368686
69126326
20227832
41189102
46756772
56321788
71035304
95020872
30514220
89918124
16868757
40035400
24812219
18073282
71979836
97346708
70466776
44023863
23005308
61273560
55122254
99805340
40929000
57078644
72560772
55637856
43235698
63793151
13806510
17518887
55213076
15999784
75569822
17246615
57765635
17931977
42458349
96540384
61318727
46286217
98040823
42519103
37153993
96224607
39644166
23088978
64977030
42654774
15659593
32356169
63893572
37494505
93623554
90232361
45257082
21244688
84978116
18694981
40463798
86293875
55661287
87352112
17016986
66066576
71547975
43365613
76954482
11197919
85021715
20403749
77600064
66435153
17691763
11025603
29981338
96459740
87556341
17535983
18167238
51504036
73108608
19245700
37184928
77604616
61526456
19486529
32537812
90643467
50130113
84197721
44738661
50680553
15868835
79642690
47085729
28605710
71393351
25907203
25651331
44129472
38963541
81954665
94405543
66495888
86493442
36663843
90167706
61128931
86454845
68097640
94623557
17386202
53279377
87515136
91571057
78355297
73600510
46834416
99857487
24500766
96893465
97974022
87646027
15563914
27268107
63663502
47079029
27303142
57472399
82951432
57967722
34179228
94362517
97655966
33991491
16334850
14751894
67311831
24906977
24697323
17092763
63082126
12296224
67620013
89836136
67927808
82580019
43362733
18311981
78057329
55546564
64234772
52808799
82324884
11773471
56712757
20372222
52445916
37818941
14740773
12910353
52131636
47567385
49901297
11306850
32191814
52189529
58541681
78473543
57151878
76053587
75427606
21113823
82774965
38256571
76114677
10276967
48711409
18817392
72581907
65028436
87030807
84798381
18424319
96618563
34755127
26565877
86510742
15927705
15737513
53755085
50859903
19302978
97418405
56021887
93382645
50432451
44268649
72977527
23529259
93892707
65221254
65707556
44250451
28693574
38823155
78755832
48768438
46523602
73048500
94955289
48970198
40411042
91806904
48812837
17309405
62347393
12205311
75321266
48617752
30472732
36349626
70738869
42044937
12279665
15756453
12618656
41539819
29046793
24572450
48172406
57402718
60055991
72879001
66620202
93042158
14236108
72451661
65516400
35828115
56135128
52552387
85406064
47916284
47343215
21589235
73643292
53450891
50850882
61877969
93680899
53955215
33632013
78701621
19006600
79995626
90108433
86102012
25294097
71016346
67014334
55109577
91408370
33525537
38183279
25116150
38347334
87684159
60445240
46704564
96233720
23374592
39546139
80725119
91139457
55311764
11291080
85522422
75143140
94344008
54185690
38546783
80459721
24513785
31411622
94899005
68948928
78435790
82757045
69604181
42856484
50738117
65482494
34972953
30443012
29272449
23763821
98838561
30122871
29188596
60059897
11993396
14961610
32253867
94757872
70586598
97461142
42329514
56326511
52734139
12560304
68778563
32926788
38295384
22216564
38188638
93021655
80252372
27513296
24549396
19336847
63467801
29153401
62955822
19014230
43324139
39452427
56890924
14245234
94248924
37402193
60479207
57730207
47500812
44525257
51938261
25969739
38670807
89350539
57759522
68398980
22026193
21149353
53890842
70186803
77070518
44307798
92011253
52572709
20944279
15395801
13829678
38353776
32290210
71851888
45335989
24885599
83862036
59469247
69496849
51784281
16737883
64017172
28607876
35533365
15738875
73544197
90948483
29720808
92914978
53744733
87392159
69329449
46817701
23389490
98762170
77279570
82101685
26367592
18164933
66600376
51947100
94453122
87524169
15983539
56010677
17696522
78035267
76704851
73870791
76931990
22923670
12235659
99049397
67234552
41738370
39324778
93540783
63915840
52290527
92494378
61294819
32121923
54919928
35772237
19462700
37811655
11486739
96450822
68072078
74833799
64497906
14075147
78734236
82928715
87310888
55875660
60047588
19959668
71768628
25459271
15049408
64618310
26983604
86217634
95291131
32421153
71065919
81575119
95744716
55486301
92857396
89703007
16182528
68968076
26150701
84231152
46943282
57432657
36838704
61024020
20274614
93489690
39050173
33829925
89829956
17258324
88793746
17223078
18227536
19394425
39435305
97289304
65442168
90938637
18797547
31447289
80184967
37239666
84966627
24708294
51277036
19079662
33821438
55364938
42706989
74888043
34607528
93502540
62807879
30214236
11382505
37271416
88129033
87391691
91829976
53226889
86662435
27023149
62324064
35505692
39808433
12454359
37624739
95314478
31877853
77975663
89424064
15774268
91165405
86296535
84888880
26344516
27829999
66678329
61618118
21654578
72859517
27958104
72201868
17422811
35023133
78326596
36330476
86391219
66627102
99875283
26684307
52092916
72979295
91796755
81141481
64766368
22910285
11717635
87791770
72016155
87339247
75491715
40506680
34710284
89418602
12773349
62301692
64602119
94602071
75999852
34866705
94155924
94758367
90251253
85349773
63793032
14936342
69173977
47568166
62789891
62378928
14790718
37680294
40325759
37252950
82218415
29113737
60953406
17211898
22914492
10788069
99256400
49854103
84200576
28610170
29042545
33870157
40653248
19726292
66916466
63959026
75708205
43773178
45403296
24145689
13167818
29355232
73096961
41009171
47598984
71733295
93520086
39644604
89898698
79068985
76807164
46692969
78383833
32112986
32045029
45052971
97285985
83112160
44806457
27353903
53983675
20092443
86543369
70020139
41281232
17031667
