44701027
61095137
73481219
70739866
99665628
52814903
67100293
18613214
30092863
34445314
56876777
24673958
42228651
44002264
44043482
18264987
49874869
70794375
48868944
51012683
23829527
44515774
58013745
60494109
24587252
11325872
45288866
19822706
27274589
53399201
53957843
77817153
48820865
56402182
63209477
57436592
16082130
50373253
37432024
25786088
30090556
82202622
50569762
74089805
30700873
13586337
65095178
15002077
97804915
49764456
96660629
96341953
66586522
24091022
38481686
23712285
47198291
87119823
41985340
28316589
69908807
66338415
11425539
30958081
42767915
88259482
57114591
53494964
35151893
28458369
48705915
36897584
50017908
47680419
46549759
21403678
39188798
50923566
13016075
17146771
14189034
68832067
19529139
80208228
32527532
86129309
24793735
84677013
57885940
96816146
99486456
53932349
78456598
47074050
13301691
70592745
30634200
89435871
55225460
56829744
85996920
76460973
75122290
72844160
65397771
10096123
87076459
53114054
45045523
21808620
17836311
61909182
73455117
35686314
37922197
92942936
44918829
10312633
62729735
42004792
71166976
49355922
61331674
53450335
85929185
24208744
56979042
72078634
25455324
97264920
33777573
36021901
77486724
95303545
45944833
50906316
81486503
23760939
99946830
38790629
51652236
65081079
34722742
63945376
18690389
43013690
41534101
16452002
81324137
56101423
75641144
64628342
62064664
26994501
54007819
68733733
42392357
56525388
33533678
47930286
32558192
80001025
18618328
55690303
87089503
76405438
31177216
19124083
79142050
57816853
18856592
43970945
53400933
49281709
82594274
43077753
56337118
18322988
48967741
51412671
46103510
18053398
61871983
23866826
28575179
15158578
87197607
23183168
45428074
45868908
76155852
70221486
90617582
12114049
28099864
36611551
18483799
86652804
85737609
96639323
28034654
73490961
21292333
87942489
84473215
77337789
10643365
58747726
44673405
85022062
16775929
41301511
23233468
78073389
69597201
68033452
85116504
85673754
83682694
63956987
20472154
73812709
38157889
64577221
12051450
95158660
29172945
31021144
77366825
59270424
49783331
10325684
21550820
77367934
92709934
50345186
97687981
67249428
74199522
76680615
29904866
20683597
85281268
84878733
57400211
98999313
97338650
59138982
21522253
32813723
37787222
31137005
47812220
28900352
96077763
67286357
10041431
51139718
35824775
36044233
16968887
86367059
54845988
80411997
62378718
54662123
50336738
89439303
99885287
34148445
10033629
35731335
52004342
12903629
17897375
19925967
12848870
36440465
15732657
56916422
65791375
32418461
62884923
17848803
87095636
47964706
29078087
54474790
71519708
93066112
61379516
32858407
95129647
40659200
86457413
78942198
70147470
96497042
39104924
82138511
28135532
89668605
59159023
76417202
90440745
90891915
49190467
37011690
81137688
91356694
88572822
46137259
50564315
23399668
37095826
13193571
62116927
53515886
68227024
60817654
24473199
50149238
38087210
81656657
49372958
83432967
21434738
40215759
28070698
63407953
21500766
22577196
66431461
27532118
73203921
22661929
17089490
62404460
86825085
61797550
70716601
60510718
70456126
80283920
16933227
45196065
11281249
25533930
96376834
17863007
32874404
25504882
44300184
16801959
96082507
15260510
33983350
62801189
88322354
66133957
71225026
93677078
47636449
17953953
56425124
97429865
10325694
78500222
91425728
94889799
87314935
42341690
85478484
21268424
14047178
68372585
44784367
28317883
69587554
26113253
23820118
66822902
16768773
82733424
46611127
13220025
67575321
99947464
41725816
16427022
24941709
63808622
24322617
81353272
42664496
98930200
31945752
64257581
44838720
95667705
47252687
57130053
37114331
11230037
73192118
82390912
40027894
90672706
62223364
39243869
20351360
36744740
93437027
13862807
24537625
24944167
37474413
58607578
55324025
39706882
39577258
55387181
78010279
95138398
85657653
89194941
68323468
13076729
50891605
64870898
29788727
93503114
72212271
59173222
32491961
95482209
25468912
84296592
43476926
81039260
64418505
81345195
38304312
14617120
99612999
80209114
96196691
46130097
92788153
57357664
83833416
26900217
88528857
44174489
62624364
58667563
94196205
61577864
13504939
79424129
37535322
98054605
54731066
70092012
55261190
96264821
37124491
16559158
40734857
31494157
80504321
76653589
70196816
48911007
98131863
22174926
41611988
62144145
19783317
84400174
73402321
12660359
92509754
84243472
23631207
86349201
43935322
33105969
36982341
59377769
78580741
70464007
18446753
71478656
47205890
24016673
51985475
12634173
17166248
51906288
37363764
78184050
10216750
31009772
95681947
16840559
46414150
99103644
85233059
45029687
34019909
33086296
17063172
38045444
70029417
46704153
82477451
39839935
83579653
55200875
87172492
29425263
90421126
86031013
48603450
32166918
89224921
83836911
24713761
83968349
44414032
10346577
58817842
75972471
57453973
53170929
72825342
31268297
92851560
93834265
28586961
36833891
24225812
31031936
66504316
41397136
76623508
57657559
93626473
88006863
16957262
78667721
77580267
36135520
30062435
89556500
46454405
27861411
96638895
85153969
81633523
98518035
97243020
40526826
15989626
40101167
68290659
13517519
14802711
33108676
19003947
58796981
68235778
40970917
34196599
99933538
28815176
86930286
67130724
99734444
86878186
42608439
41808836
30144295
11056252
57173560
70455792
50678387
15772765
37341970
78917637
26389239
44918047
96804500
67247791
69020376
73547518
27417805
24867327
12871580
11043497
16021746
75553479
69729573
19460755
60863601
85245336
62416422
59633550
63082853
93155243
39576380
97220762
72940118
23008340
58783988
59267002
19542835
42027437
67387346
15343560
37303258
26197900
37016207
57053424
75626852
47052294
92333071
18726940
20631259
88120402
16904789
67745018
37333013
81453284
25750857
34811118
90617626
66041629
15370952
70922996
80139984
68425965
65362812
20791044
57237004
57657091
77740882
21760590
98763021
34219150
70883107
35160846
66692859
28097197
71581300
49125970
93563858
55898926
89140869
94609025
74357302
22883570
74044700
57634451
31369262
71194197
46447661
77869857
95564992
89317875
85943606
90053841
23729310
62161171
23733185
57691661
47514825
66002885
64169887
25707900
39637812
90551759
91315992
54468483
66640745
51386443
76370051
18184840
10587724
18841360
18525188
39987809
83977726
86278613
71561315
58632758
29396099
11058222
60526126
95860299
19378299
19911218
99942930
85214315
65451893
93128679
74000496
59775012
82590312
40863125
20389780
54995939
92390568
91924527
36235708
40436495
30825983
43661651
18157515
53681523
57882314
30227453
62351462
14594788
45140840
90371125
87890812
83238582
27965144
97196373
69003731
54200667
61038757
44443837
32373826
97451168
79666865
28171150
22515603
48059982
30172021
91851929
23841095
69965098
19931646
58024794
96346716
38259843
10216607
74280991
14080535
66631197
89155388
37280230
43412864
67161448
41472479
11949767
47766751
60709866
34614025
83138964
97774283
12460735
68924954
55474373
39924243
66029218
13054257
30321017
56298676
36838421
61002293
86066394
44375315
72860318
34329856
46781134
26301312
88306167
67982347
37104326
79562077
92158630
40554718
77219947
34050679
60493779
89399492
33642585
61830546
59257385
27895253
19028607
77317173
87428594
18925124
39212706
52125098
55727321
36057731
34899310
72546107
28849823
35130736
52161617
48960129
21803990
76941306
18356930
28343609
81379367
92405602
32896852
80346013
32968732
62668111
22507195
89088179
27645965
34999342
88514966
24634662
88710825
23787846
50153585
39054883
78287929
38879493
15395876
67860113
37683716
27034372
95247367
91853086
35033411
93127207
25448936
84748804
39456009
19727346
89268435
58412743
52608227
21222722
28591523
52228824
71488796
96715392
59493555
53987590
81103776
13777555
77882486
63988281
41381720
33711166
66149482
34550794
50837441
80808503
22266247
89546553
32350869
25206309
21327295
70412377
79771893
17121605
78810184
29281860
23915697
49066655
82255463
68938141
37485891
90959775
44462703
92068115
38319303
69194382
59023241
95098255
27882475
56665467
86797289
85609532
56692168
80019735
74181044
73392010
96487699
47210716
35480347
66759297
76338295
85304868
76090424
46624035
26426913
93716355
38081187
70744211
45816982
91581206
21553556
26733217
90475178
89683218
90781169
30947227
69806465
99274819
18702666
36008928
50432443
26885061
71830424
64040192
82189241
85267251
97975374
55321101
25196560
31481178
67481669
75166436
34127752
25093561
76499930
10632804
91715935
60951319
14451969
17215023
82212468
34277302
83549947
79891714
37287420
65411058
15395333
68782842
27721146
36121140
20427580
95907058
18032067
64885393
24285708
92372471
75226190
64902631
90795885
95315810
41340751
77554830
84993094
53659862
44093724
29999695
80585822
96539697
84427452
44814408
42243830
42701724
60832961
20468897
75029393
64448211
18447526
56510981
76811757
39230920
45451872
99579071
85027106
24025113
96439790
95647184
48477939
93260647
16535674
88325884
74025941
79099575
98447388
83649385
96027970
68909308
64655208
83575854
62690310
42601980
35917199
54935441
40374833
36196710
