94681515
26490754
62752237
79895425
14880882
45486208
92944095
80726363
46853605
34036395
61303784
70841581
41281454
38454317
48722905
44673904
97567112
95099679
45190027
26316835
71871961
41670219
29917341
14693527
80688454
94552995
39307579
99595041
99922559
55072472
55579852
16184224
76704780
19093380
88061141
50085178
79845649
57895191
39933792
58778108
15963331
13093089
99608284
82804014
30236528
57431422
61878306
56045319
36085704
32739937
79577936
31112166
27138347
74116119
42513950
36182573
12804720
19596217
65035410
59726348
27537126
74622007
66073042
56242217
56553637
22564116
53766171
64490704
56184520
68015716
14553245
94916938
81630406
61143765
35174850
24150764
37727439
16066750
42242933
14592729
35369348
97288947
12303369
63152143
71293639
45512431
56542802
71974258
67198000
98289804
90465837
77600741
87468941
18516901
64850865
51970510
10237113
56261643
13005553
81155003
27116152
84658442
83165212
50799469
17840598
13697305
47182313
17749956
16837822
79691056
30982835
17981013
56492499
77197637
50423453
70522576
78410563
38959586
89783595
10354015
59322848
37502356
76668827
22673930
80486493
26459574
79655306
29771865
12179492
57717589
86501439
15223967
92285301
11582772
71134047
18990942
90201274
50265023
33864228
28182109
63212726
52017835
55602089
49938286
83246305
77463921
74608941
43375130
13759903
79756947
61092821
45366964
84963328
25326995
45672760
19105467
88911650
86106457
93512835
94620411
94569711
89448882
51724087
15705160
19473210
64272444
49036866
48936818
47225686
82492653
21312997
97087829
14788507
71979798
93161180
66209676
56252209
61013178
71788730
50145932
27995925
58986071
68003891
60167269
37830580
39881449
87754984
19632087
31939474
15651577
55179733
54649644
14502576
54549404
60891168
16103714
25906467
68491122
52499717
41799151
12990756
40374133
29819924
67092237
25122351
90310484
60255596
85634260
92254098
64789628
39369384
69468203
18257273
20727759
91926018
93723377
39786756
66605529
24271766
26933941
56381425
74676574
58865100
75721969
79979406
55767296
88921005
68093507
61828391
60586922
47553908
91338004
42469645
90727387
16209363
36359707
89441104
31589617
81382939
97618058
28411662
60574241
53064478
50503271
66274188
79624339
24333252
54434811
91758502
96726355
82424377
99477820
79902348
46581348
16761904
38766088
73939415
19524614
97370212
48233359
66178292
94286803
76147066
65129871
11354286
66544955
81346173
24445475
63842156
35277257
98192535
42701049
35253468
71976458
17121200
59245801
51555782
21610401
36613030
94385146
93978191
54563990
85705706
68245205
55595752
50731841
30174919
89789443
37836947
50999789
59201150
67982882
11593217
92493318
87302874
66292509
79324889
89204875
17892879
10313862
79578401
31108082
16452973
41472131
46742458
66901646
81770180
18332408
49559063
85489861
60130883
48133687
28630268
72223753
48096839
32057866
80723951
27466197
19672349
39562540
46400361
87147090
16271399
40516506
75326829
15856918
50354665
86397113
61970718
81764433
94543471
34334480
23777814
85655512
40862642
47033357
88577864
95027443
20699848
99275318
46939145
13679973
45523688
69484908
35617398
44340106
22265835
38896364
50986764
54442590
31392895
74346194
91948772
38822299
90886606
18926680
30033457
74759185
33028578
47134812
71910128
48769461
29447740
95149113
29446062
93047836
34793818
59510147
26286959
75580029
25552408
19792302
87783050
75212974
87557381
97678003
83620716
50799488
99761723
86249908
68470802
87987772
53580096
18830869
34751937
85359015
91070005
98350525
27419442
98882301
63958388
72451695
42568317
65611969
33970672
11953588
19775059
81167289
47644899
59621086
79748579
63249955
71716493
40146901
50351471
82337293
75480772
43746486
74411693
30854801
31384925
11485731
15765040
96532597
41641561
70518863
37253400
22432262
71366098
45288453
51164266
82784674
13281751
18175211
46118055
52744380
28674665
44481143
10935032
53690585
70121043
29966495
47415899
96831183
52092488
18170733
60014283
72186578
96358696
45417642
38672019
54514584
18057354
50933426
18250490
46350092
78776697
50400349
36560908
38396378
27671392
76408083
13482169
29190511
62096906
91913100
59753546
70179542
76621405
89764736
26277267
89716477
75528833
89303686
20628898
37941699
28287278
47138663
95562397
47335727
94774471
62785412
20943484
64321043
67919432
99626343
92230192
30099590
69769856
89925684
74600321
24360252
17596477
65221390
30124904
99685679
67351168
49588404
45667564
33690402
88728907
56554516
28380464
35021250
49177456
70573521
55128889
49361349
10277510
39023541
68281303
82215116
52739259
52737823
51191720
18692798
14946189
20280229
12090435
20782786
15430773
11810167
20005864
79211751
36766028
37786021
40757406
85119708
92857967
23368861
50606820
75047724
85142139
48679101
66410946
87921528
82769055
50043299
31831693
75565633
33973475
40420018
71544344
80320081
88475340
64437338
55190794
72988986
61853541
96415678
49220221
45461805
40114131
91092536
66533386
60100497
94009645
95583810
29242308
53969655
68924584
15480677
76930878
80508554
91538117
49086635
76084391
84838051
41208034
98556444
29732178
28425893
50554722
29709081
93485784
95597637
26486292
68629086
95670190
89119495
13931974
44259329
57319354
54814568
31297286
47933700
63829754
50352730
73304843
46628482
46297759
91802193
33577627
59752846
97333883
27550750
80052986
87617460
21912103
61791377
43019700
89156567
12326637
55766029
82357301
16885721
16819140
90655615
68875778
48555791
93605514
20472840
30296104
38475354
30662699
93975645
70610862
81444020
36833550
30356126
74869372
35561609
93846405
60110779
32492063
88033395
47374214
84733883
89171404
43792363
78562967
48330936
94539684
31080931
12642184
39511323
85501781
73312285
71266891
89899545
85483434
46942103
90460267
55836372
48005905
22914306
20090582
32198594
43869390
67302747
54680433
74346237
33923793
40762933
59025974
10285306
17601907
35680630
75965639
28337875
14286905
50478946
38107677
67852632
30570302
33121699
97978710
51153490
29800543
90222801
30746749
47158957
17100115
12101642
62726275
13722207
88365703
85117062
14661532
16367437
46957470
41395486
39003774
39158126
77647621
91273681
83238459
31857720
67646394
32365881
18630006
24180133
92112677
32509183
67492101
40807687
69949982
96588647
99736527
74080673
91660553
13539798
25880231
89996152
10313540
89537804
59651117
25679301
65354767
18971369
68050143
19136482
22404608
57302515
21792287
61538173
13039188
84620344
96731190
59463919
14045976
41798948
16629050
85781114
99302355
40279597
71884604
50930519
40078508
34241600
13888484
62788913
87082165
50224974
56267686
39201815
99652100
32427718
48599373
34551505
40375426
81872471
89473494
28623415
52557288
45846978
18130553
61871219
78099747
83386652
95208722
63341646
15950822
63622048
58816804
82226687
97953896
25945525
11088911
36237893
98891400
97448087
74631817
50253042
16101649
90500768
16122766
79157611
54082701
81375322
97666619
77600172
84896611
53134689
85433587
83400695
12871599
58701544
38894326
68323260
98725424
26862115
50886555
44306706
50187774
94151577
47714936
54170047
24239907
78140833
42838560
47103757
43272999
80308792
72366260
22505286
71728427
30454174
14484691
29431294
96528425
24013235
91394891
52645796
34584289
64683512
64671412
10023703
51187455
76046742
51521147
88453716
52118679
27573510
77759187
30460585
42876941
67466944
21527473
90477205
25481840
68040178
73688652
37390514
46430173
79588735
76111082
26394771
99575806
24041607
66322330
49244080
89750855
79039617
24060933
90422365
89213533
88782195
14680483
30405843
33692822
20932701
25343863
80679376
97305548
53525963
96399121
41956343
91220146
89144766
46350973
14406853
31582532
30246595
93145571
73415588
53943163
65349588
75240022
17218691
86801518
78196791
68209089
17109651
60446551
19212227
52422495
35045387
67773822
44024943
75007252
45558196
50745536
77084259
49634208
56043269
49901314
96468374
89657483
76074674
31106728
91416817
86274667
98621780
98360765
17916286
34807296
79601447
59342358
58808047
60221832
28810299
65396869
22049805
80520322
13965201
78307507
20309439
58828263
87886716
84398913
53179322
41759700
45810466
15750733
73767274
90875124
99945620
96973630
80224256
12846881
77895922
27749702
37300201
91485731
17204820
65815436
33452595
72788082
84521787
82048213
41131092
13962794
98496232
62770915
67793135
31546409
15788661
40437513
21628627
83767305
16280297
25990209
46358915
19714135
97966499
41011645
48781869
61805561
85514160
61610647
73416143
26656350
56176733
11567105
47720767
62515632
25597267
20069530
86818407
26053439
57087411
58867369
77714186
17443167
84678736
11338922
90495438
64687020
76745160
93797785
57887902
39652943
52538211
13414297
36972894
72823411
88322995
86948953
39627109
45298438
50225759
50445259
94389711
16148002
30488519
81242835
57157059
42317292
25167090
40772481
18733771
63596762
35578776
57376126
70321033
13727445
49091590
90933407
85144986
48212199
81222488
56684575
94444922
27235168
38872242
87226936
59762684
38560546
88443041
58236984
20035464
95584198
23026500
16848945
11694749
20694520
27882281
63706860
60238800
