40758078
72644854
37573525
65215641
92856782
81168616
66721984
24496781
89373895
67392624
64129625
91609635
71688567
12192253
43249809
39755569
18792178
25923312
58504113
13615436
92385562
75664266
80604784
52894186
32435832
73158691
55921134
92797918
37675263
13909974
76879111
22242911
92195429
98420687
50446629
57157347
75102578
28504779
25252759
64384237
66031969
65532474
74626317
33959902
89855695
80343388
34603633
36428694
49018963
35813286
12986461
89531125
13582098
33003583
36647910
14664766
76105619
46295077
61215551
66539131
30248794
14181498
99401121
13092985
35278867
89630829
76787174
28088820
46260308
31794075
95518941
74180517
64939855
60744503
75635920
11777189
52276780
43094691
83748325
90011841
78904157
11941033
78517613
27099275
29509378
48781939
34385803
78097422
12662272
60139592
50216908
64380624
28782098
31257940
86723094
73127923
85166496
51307646
29396407
30278879
64230213
31514759
30524984
65242055
96474160
46942079
30152523
98626150
12577138
91726115
96718735
39870840
79035154
45787782
88218072
91604527
49375460
72368105
93455419
24307193
46036490
96313508
70414861
42513838
49603863
95532770
61012386
71575873
27262739
72860104
49554684
83379280
33150638
11203619
25854649
86479593
13782022
67313692
10109430
98187267
32966613
91507610
20133496
99089957
65021816
21615107
79796702
47251752
66706767
62493352
91091374
81642041
94406013
30463877
98915191
42460701
36955380
47785576
58606470
98581221
33820435
17615752
87470385
25617944
87376058
87222771
45636183
57021385
76725050
99732416
81235122
68544224
16959250
67940125
21423331
65214269
57018767
46481499
57157474
53321727
76456843
21457999
86015934
30776556
88987059
63847125
73598747
21328694
54618849
74472434
88645679
60019133
18885816
14371900
57979863
41108699
28034364
40449743
99690665
56095346
72688756
12523432
23851336
39451192
41263777
14743259
35622015
12364739
59329439
93138125
95060308
34785457
47362724
19307351
54365072
90231487
99653710
65573661
26785714
79909606
80897259
17727433
54238591
57227859
74108405
27384988
47356262
80808607
84582147
90548594
29457439
71548863
49657980
34314470
94327606
80113885
27568284
33739009
54126268
51914811
41435528
96346889
26420508
69506629
99615047
68029213
83957208
74944216
69449923
64908791
60677139
64520775
13360811
84386039
64818725
32660881
21047133
60932181
76803974
34340250
50164290
71371229
16977351
81864800
15924378
23110649
64807784
95427025
41397050
17083956
59981518
37880066
22344518
23504584
18557382
53255104
28504918
72489461
70783812
12457894
30865400
83700963
32896190
50786214
83158778
73115057
58505253
27448417
22661898
37671945
90893975
26786300
97472597
18518354
44448687
74861468
65118050
57745419
46991667
29350388
11005007
68767707
86913050
51782836
21765628
55303850
90989068
45020913
95079474
87120999
22344659
56783815
51201140
51773644
22970369
87370356
86086828
10227530
19278041
44592338
93096547
88057331
34457458
85322244
33297234
23910649
13196934
15760321
13389575
87663126
26891207
62003533
96239395
12035653
38917352
77531596
23274768
57775550
70152142
39914747
68935048
18030413
46876091
79145525
45808710
90606081
21876300
23900071
88884801
41650674
59983726
95240894
83456104
47482105
83490802
92913152
43736611
30522610
50136729
95057268
71910684
65190588
16484884
68180245
99947669
85510390
58423477
68522453
44257877
89985951
91269302
40951250
46201737
94185489
46510222
46249628
17094285
57798390
99247122
17494210
33404951
12345321
53686748
40887275
74453419
63281320
50826722
98980385
30836163
27186979
60988758
64632723
27151380
89366575
96948010
94806489
68939215
57978177
68477597
67449404
88152820
52361049
22926672
78920196
44828962
35741589
71416246
28744691
32649042
28293456
90475419
79434432
95871114
42983123
48220835
79305468
58924040
69980615
80743729
28881693
31285370
23882047
60349171
63370680
42344434
53898545
72164489
64153212
53547765
68267815
40058964
48384717
25543293
95421207
30469989
40609328
56286474
53040410
90355994
94271094
42090013
18414142
89455074
95460696
94063253
87886889
62438842
69052041
36610462
88500429
71694857
15455728
74940179
81222610
36070945
62914043
83596795
41522967
20074025
29416095
69256249
82774930
72106182
42474861
35582582
41096638
40281419
87989744
93827892
88786617
38721344
37886679
38594684
98745456
89891578
47857863
83622663
80434423
21520358
75860900
85106471
58194954
43329903
45182939
70315989
28960139
82246353
89499878
78658128
57517574
80124546
66260847
95598061
84350600
76050706
64665112
61892019
87421319
49893591
65363012
29775902
48805588
65990957
54684790
12169225
80225913
56096533
16805010
42041767
27585029
99825007
20444233
36362762
45100533
83018885
37077538
67226476
31381544
15601995
29129333
82963949
57391819
33518542
69065773
36281621
71691687
72442013
13906559
71162385
62726130
90818485
59460253
93398940
18681117
82529157
32355831
70810999
29670378
54429702
18089760
88452766
50125775
61872548
46970799
67209341
38639035
20479935
13082877
95143237
73162814
53712087
17053151
25601288
60926856
26388308
81845314
97919106
26652595
71319620
92978095
77627396
99275154
40582577
41500942
66407694
77312102
83016969
39836143
61647079
92801140
22965771
80048836
48337695
65093971
30342997
96317112
71992394
56753935
97100368
58983545
98986240
64698062
11143846
43366814
62254175
86278780
84462235
48763256
56310490
12967458
38637747
23319648
85369589
17336894
58606314
46490596
25268141
69059304
56759926
22712773
86760863
27960104
24375380
83545124
71533674
39711440
91064156
73037909
49507682
77555994
62369740
38445395
65161725
92750310
15098343
48634861
22116494
90825178
78026667
73763290
15819378
25479159
45280889
77925956
45074512
10807326
56938256
69480800
35905555
84368735
25893405
92439296
26454086
58354673
14300350
74861218
65138043
86213604
97213511
95345128
20404779
18271659
65311820
49331261
26387495
40950067
73258198
27129384
74567968
75892417
57736523
49810910
11773112
97574942
36676193
89824201
51271089
18301217
31181766
13147067
65397011
70013555
20062559
74820666
43961771
34692142
40030417
15614388
16400073
21917752
80873264
46099605
22069741
15467746
39088286
53989870
88682145
28978050
82875843
38872111
54083264
87218900
16492549
63545286
82120513
72966287
21761814
54329571
92374287
36377821
96089965
90780425
50113375
11426717
48415285
51129303
75046145
95433666
70247646
91560567
38633093
88853717
53880357
50912357
68103004
89756487
27043979
68316087
60238762
15079988
56701794
51740614
10229439
74449759
57559913
16325451
86253660
40564810
94417646
39161455
57209850
84285639
70737102
56412034
47791360
61591626
75121552
79991025
65234463
20756138
99581196
75849533
35016758
79092463
98080353
96532907
18721046
15128923
66039065
55684728
51757136
31418735
82133845
49468798
65666026
67081070
32389847
51885808
33079354
75173764
67570166
37532036
88071824
80994406
14716323
97382534
72438995
87355968
20722027
39380123
13818562
59958178
43659339
92818357
65055535
36982175
43884710
45882112
17004642
29110083
68819107
46270188
77977849
70080685
22797855
10568097
99016381
56867196
35220243
94881166
94078968
15831367
11448608
46179725
83708531
30158019
72445891
30539146
19943136
12359292
77903076
47509738
74371648
57095208
74049540
26456981
36568244
22999617
73438595
76518060
55242726
70121612
60082271
81174657
89716997
68276189
21318128
73126509
94381412
96874001
83847981
53750413
98246463
18921780
72398036
24420658
13599105
58562379
82152386
72740796
98920707
60519032
16776320
33712817
89476468
37685465
62119920
95304168
14494863
58108109
39327976
51563383
81501359
22487567
55978283
62000574
13455574
15150014
51251079
25368777
34396032
59405767
20134540
62302359
92507445
67589346
89961930
69019815
98502181
16369712
91802829
66993263
93145436
82938058
78727442
79342105
98672636
37491147
38342100
21801466
91670773
28702991
11399740
88343489
45801895
52024740
87160557
46558047
18432808
64843940
60114106
28921836
27089710
25941626
77614548
69666762
21066362
38410012
23346252
96722975
76900404
33115022
37118476
75752157
82385573
54495421
50271629
15928279
81044020
86675102
61881606
39217356
96223480
86362193
82604486
43734635
88154374
93313862
42767583
75600900
63247729
77055298
66655918
72642924
99197859
32785926
21725269
86954698
37046501
52242244
13296821
95832082
91417940
51253904
65910916
24345047
57525646
34783052
62598357
88941939
50509424
33288602
64489287
15403157
94939440
89767986
11346222
40451723
64248148
19783558
27930674
44619268
84698632
30272247
19484179
89918265
86956738
16911985
10367516
91881393
11260394
72291769
50380143
34701006
22658913
89454762
33633752
86680610
38310675
64749326
38177737
73182500
37648354
25729899
25328825
42060342
72330693
54054551
83959388
78235008
77337703
32674854
32707155
60149578
31329929
80077249
39118204
24931398
99435574
47733241
14227899
27019698
47170842
77510403
83470589
19928527
62318942
93597729
40774426
55184975
32276959
43071537
19220420
67078424
63716791
56426405
46792124
73029709
65672833
23430432
27653648
31741095
22792360
18962000
59350304
66348256
71283661
32804012
92660151
34983691
59023501
33491853
44213877
33323453
77063564
10497077
69568538
69119487
19366776
58802579
37821626
79001475
52758210
65501449
96163827
86122972
10116814
43287237
63652242
99067779
14908331
10207521
40507531
19593956
18374318
15457876
43451140
34764608
17383060
62286974
38808393
58969642
27294994
21186574
82416485
11966292
22085594
76603461
99494541
85764773
51005924
61380078
18480974
13229627
35640559
47851116
42515258
89050630
38694285
44393913
11812539
41259637
34212614
68809933
38664544
54849306
22950340
35256491
59728520
40642629
40703758
75878308
69922737
11319610
82811658
24023908
66430250
76442932
11029042
78643549
60441372
62924767
84990289
90887095
19279067
77800193
21537327
50915228
97327097
85998206
86337754
59069165
27562050
92328343
97247599
80793282
23882623
64431587
59751680
11954188
38154678
26591180
96401683
27235965
86306111
58352526
37267500
64822979
58304035
78558443
99652915
36187411
12876817
51155820
67347877
31516743
12911993
62496038
34873427
67201569
58985163
56827333
80874686
49409946
68369802
34007675
48583262
18273003
20987220
55894050
32844756
69691339
88529055
86807998
10461906
18871366
96806777
22725052
11248597
28463034
23647591
86620033
33776413
50633928
97212417
66609447
46876685
69980521
24408460
75215432
57020282
19817828
70859919
55913895
99444413
52317104
14372349
50189894
12992184
62669032
73661101
39718208
67015798
13449454
27760695
22293414
89995164
48634062
53745881
77748008
31828943
48324936
85801761
16545453
21764041
77709442
65107757
83158931
34938800
77590381
27967180
92765650
60492000
30008548
30702410
87445972
79509514
80344047
67505901
44542962
82941554
45870580
99929342
22959669
85784793
87185550
60968551
15881451
98978058
42399297
85755586
97805127
68021841
69306404
76820532
44032489
47933205
59001956
92987204
72654671
45297035
22672221
12097411
47802888
22518877
63807029
51819466
65382768
45910020
36188268
77934198
91166341
48319171
58471223
96563072
36659402
35492845
30875267
88127788
52888740
60677578
13576001
28984896
16201454
52341066
31115230
70559116
20945094
87175663
25103942
16000128
53366822
20215280
56173299
27366106
71851049
30112091
91130280
23921520
22679360
38197605
62845769
47006428
19958119
34767238
72498646
18531544
18003382
72045027
95773207
53738381
24786651
31109791
26050557
63424047
95278985
24135695
46367781
64519779
33488553
67789189
71740047
25515292
66108587
71861582
61559017
85397141
13813811
58699791
56510787
95820195
57257402
19407098
15082922
96165530
93633320
62223828
16271303
47556845
98379533
49591413
70821665
53322368
40570267
96812753
71471799
86368346
44905409
21437630
12363312
81303761
69502110
93501940
51914554
50689107
45680690
31661019
43762604
69974080
38552846
20674305
73801725
70815642
79217530
13161132
56340263
50148826
85483105
56485422
26902309
22478426
20635802
75989374
93968284
64921092
68550118
83708398
89405690
79338454
78515261
81995450
92238481
90733759
38770945
85777593
28888978
93289211
48308415
74416325
66936283
90269789
80789525
37445697
23178087
97389921
41132351
59179195
69311797
83094341
61985524
45650807
65526646
84449021
55822337
55918133
87003925
93397154
52471303
20986896
51646315
34361712
84563280
28827027
94698601
63182311
29014891
69405142
70611140
49711777
94880130
76994770
80362018
22062056
68225268
91516538
36374751
93818329
66629823
60030867
30422642
68665154
33692406
32682795
81759321
60454241
50893824
53728595
62655114
96240170
19581937
31152826
53866898
66412015
43022032
43922543
15102686
99125853
37766030
45793910
75846602
26030287
71874463
56087228
29968369
41764217
79877810
19988305
24194284
51631299
52660468
36591956
31802039
46713962
42579822
82387420
25896930
83665716
19375205
77740690
15186667
32126125
18516087
74481236
15708899
42185998
95422542
72043578
75958118
22589700
23696138
21129596
91021841
75245597
37479744
68051165
95232222
99284686
69793611
60682019
65884517
13166864
13246424
55866561
12260675
38741969
47628585
64950871
91248475
32550170
42957503
96457813
30083289
71836280
52720565
76746136
28112112
48013254
65886890
34014773
33781304
79394924
96461402
63109315
18920600
61823707
35851375
66520585
26231628
93676699
71105413
47633170
34986390
46300598
16869428
97773924
79612907
58536542
63085722
52814455
45447589
37164256
26045611
24191996
44077957
21558682
52094322
55144007
67725068
32083451
83659811
64907973
57657944
39299313
41821906
32355150
21671099
36694625
51171487
27314569
76804621
70091845
18738261
96223881
75982277
96415360
89468119
75124147
50751004
27401734
10621743
56573227
85790321
54428418
80152871
46239160
73904154
57478092
47885069
34809905
21105667
61356741
58247244
81996145
63663346
31775413
41259223
44381298
55084517
17484350
56628748
11363986
41913937
19852232
62199559
34992235
33985429
64646788
31076216
84880535
21418604
51678544
31439664
64742880
26104383
86979714
15021883
10422134
69524690
78292930
99429614
73073587
95769293
51348729
14519959
90395978
45469382
45803531
18727048
12066604
77058224
62852446
73926052
77405992
66339352
86266184
27705776
11752151
71227343
49699407
23623303
23743318
46837567
49245577
77601511
22033662
95744488
84461093
72548879
18359032
14692524
64759670
19244292
86046984
49885007
94877562
96368224
62678151
39738596
34509281
28772945
26499869
59617450
70249479
49123882
73919919
77221774
67637220
63632039
27183436
24405294
99605261
23928810
41761827
79032160
78255884
13657869
27910310
19286025
16792867
32053009
66968370
98558775
83960536
48345799
70368621
88877417
52916934
99626819
69884703
46052334
64577279
29583460
87767896
49485597
30976145
74703609
42233871
21159916
66406993
70926804
73312530
97478747
17387908
43765703
58955252
42382693
15487036
80357021
65728365
13942141
42348211
36432553
99764634
40823244
37914308
88460316
24768350
19547476
66305249
33451114
84188336
16110216
44094255
83929967
61123844
33439725
61343163
94541863
32522126
40735222
85856658
27547753
63470444
72461776
91812114
50352213
79900529
57212456
62710369
29597572
17693816
89989014
83756369
94182693
69629557
45406491
37198832
70657637
50868249
75589947
73506317
87756380
85649616
34295643
81283332
53238989
44323781
42245858
71313579
71175311
74409787
10153028
62958471
77549800
79269465
53183775
42090357
63541228
13974319
27864815
34020816
39184680
94300827
20865077
36428504
81535842
42137530
39020963
68698579
82294707
37560674
47474104
43381932
94466670
77450886
47150778
74455885
71176747
42892872
81098355
47805620
59300753
95115366
92089891
80887900
97428359
23923726
65954400
59264022
64052906
75370614
73559022
72939654
21483939
27077741
75165311
26677679
94301581
65440258
84295164
90968817
56168324
91494223
26345398
37791569
14329025
97615007
65329223
83000509
44635153
54050771
62585927
17636412
60263684
42506474
87644611
45145780
24423711
73794753
47189554
13486543
78403239
34143955
30806785
57145016
24863403
29203313
50284050
65685894
22679892
51379003
14390602
65138879
14059977
99430062
69972730
40311612
20976232
89977483
38641185
67900563
29332629
64946205
18774487
36697053
60842968
63577559
40778689
34991243
88137837
47147730
24705031
16591573
86604522
57824032
34442489
88621417
45980352
80783436
39601817
60793064
53523953
57892470
58090121
85622246
16692504
38669637
28044959
20894309
30519819
98080281
30900755
67275961
76515778
18786526
15833946
46885788
35844087
34249156
44712037
33834423
95957500
63937723
55415620
52292945
33056568
50406591
58111018
43593001
63110062
42478399
13784687
39871757
46493011
38014936
91667286
84230922
84868043
23821597
24706907
13535272
69915462
39296423
76794160
59955136
49215629
77459312
58972107
28953391
27918247
32151552
27859104
18285131
10414769
59299273
35601698
91318132
25660143
85968808
66022479
99804454
39322347
21752370
22219991
78115255
24082861
49458221
18745536
95571549
93711008
76608914
17370796
49678768
55103080
98619436
65121603
32638535
97791522
25431619
42622213
95545157
52812390
72066941
69608896
23560072
63778013
85342606
89058219
41020139
61461032
67183078
78587740
92700585
23799261
15024225
43315210
73540194
25867815
42562791
72344626
52365788
42048328
86090851
35899760
10846813
70162309
52207995
61711447
18165334
10047655
61932236
71660933
79320989
18792938
15977725
85771643
11408756
98348620
82056135
63075585
16102313
84794161
98753016
62964401
24435523
61782652
83244214
48555521
22574915
85940617
29786904
54880754
22829885
58435020
16141497
92590995
55445337
23237011
81219464
25145315
83222142
33372986
12552819
96387419
35223533
20602400
39832066
78410613
65262217
46242265
75293972
92616770
19450993
99908761
81226904
96377607
34664555
37004791
44654962
28520872
83009996
18680664
97341118
27748196
58241184
36047568
13374168
76438941
87375264
63627219
71080508
32393967
68015962
72108414
70021075
21811494
20352460
64650214
99093289
76308872
26893691
59810848
67249223
70552459
86870560
96075751
26977958
14388717
93076839
46658500
78162997
41650205
86982799
91873457
34788511
71290442
16177465
68876594
97531143
46674645
65290312
99939495
44225025
88167423
51980095
90306044
63656471
42495435
38038260
93077582
11362285
34647389
34952574
78526568
55073690
74514668
28021491
35113930
33547008
53059455
86840096
86367050
62481734
46591042
81904966
23503831
96018213
16082484
96177844
14589469
84755302
58201736
31752292
16511982
92424135
81352416
76370157
36081567
17495950
33882732
90029548
78707975
21381156
16247732
80008621
69016647
83101225
43608890
34810084
35760129
21089181
73841280
86474017
59556330
80596574
42637712
21667694
73765378
18343597
36790034
87817447
43301340
94296443
16637931
88242960
49146850
12365636
15711896
16463065
95815226
55640550
48527445
67368562
14404817
12328397
60907516
21143444
52398744
76904615
95086859
39711288
45623664
83271667
17040204
21060921
56270576
42971744
40523035
90002039
53319288
43476406
62314209
77015427
22413857
50195749
43985754
94502931
88411996
89771157
72683570
42787581
19498201
53710286
25170271
27778145
27622812
69346673
56537410
56095802
70279800
63169743
80759995
68434696
69258790
96512938
19659375
37316695
29059961
69251397
19065026
77348994
91977152
50048674
78936063
22395382
32473215
32644817
71453361
49632572
35316924
81821142
90166202
53360001
51757806
20380482
74903832
88894168
69993817
18955021
61972651
87895120
48169247
94360374
90475138
17707047
88510581
31535306
54448646
52355992
87676355
29207589
52824199
59877101
42251973
11541259
74085342
31881676
89808512
35788219
34231911
52099473
49264311
10574154
35771147
24999529
46447396
59076136
40204318
35647917
67178622
76475863
20854022
45196999
61641553
65027164
99455863
66609971
70473992
12017825
33128681
21846487
63483525
69260973
62002836
88335832
80020312
91722619
76328751
23232777
24455357
33218744
35940999
87747705
78278839
40297905
45091672
59499153
15595596
63331605
42704415
39693018
29666848
67502220
63093048
71253036
73975722
64743918
66357321
30293468
70780498
60084458
83943482
77966931
16046473
13794234
80582400
70617699
52540050
39925449
59492575
22585149
23603963
44083258
98540966
61872225
56206928
16974211
80608247
26198252
75221814
78529586
83523571
47906040
88765281
76985448
98201979
65618362
34908083
43769272
14315906
15856770
20023166
89023162
27420982
72033550
96419594
99673104
17175028
67843085
82944081
10483784
37386111
70822758
67309041
56280219
64677394
58789110
76129846
16901922
62373330
64861471
77966663
20046944
49111210
45487352
36377331
86465314
63603427
77349648
32328158
87801176
52920633
64497139
87500259
28246885
28042170
30534025
19522492
46237665
79368831
82341512
50551051
30896900
63468642
57960499
92593847
66572687
72086687
71983861
41412552
95290390
18072493
16492830
36554697
32056243
64968617
88301939
82788345
19245519
75511141
39462715
90074789
31854433
34925988
29068017
25159710
49639367
24628414
38482765
78650211
39047946
66615837
12165897
84127379
82273471
29259371
58424621
97975147
98460097
23521324
95169051
94338658
16994118
48489691
28993692
33144299
65253164
12394503
34121379
46295460
63061460
39301393
48177193
41086740
43884922
43764743
14398103
82496433
50516681
92875553
56164729
42133391
31440942
63968060
98523275
44581328
76670404
61085021
31975267
72728021
77594875
32309639
28393162
36149150
69549584
64432421
10757137
61402072
73689779
36383299
35937101
26960135
70504719
93261905
67656402
18938824
49785284
68147197
45188613
44548030
89649039
51009473
46964901
49006846
96652366
34391776
69695368
75967438
16565104
89179363
38986083
50442460
45539536
71988662
32097878
35481521
77352315
76546256
51612807
65318944
98826657
29283187
15589919
13206634
28088323
37700801
64186501
27760634
35767012
44097244
60982877
32047029
41767152
65668068
30968245
54491951
44933955
35090803
19961827
42117575
76754317
44569722
56371549
69406294
22253386
95835843
54287138
17759590
61033468
10942355
43009814
35834285
46717239
95921911
51764985
25129740
40405250
48186056
83992378
68284825
61419385
70677725
12613984
63024933
28783001
54919879
80629018
95525041
97101749
69420627
99110758
22734426
75337600
91897282
78367063
26544303
72848081
25804074
84758443
93208521
38697840
95959942
92105246
18178294
22437911
68705708
13704700
90549410
68402057
34359449
70669596
47145200
33995161
29917672
61398566
41738825
48339325
10080799
71706780
67980851
51144376
92432383
33211796
44143437
68444614
65431105
80869458
76400824
85598052
70477693
24445161
19512167
29580749
97685144
34778607
31351128
83159523
48021234
77461390
43332102
55244970
26850505
20903763
86282803
21410075
23444876
78852421
16242732
88362876
62033776
36951735
84267544
26813841
86230482
71540143
99144346
48042704
86116216
14542206
82011821
66748337
91177305
99501805
75138149
96512221
66576700
33159438
40757128
86166379
59980560
30969762
65297272
32336079
86033090
21853080
24584079
68373966
99890830
59512024
80701173
49572984
51435117
44296022
97967138
22417134
74621564
31589769
32405002
26870793
99557077
58926679
66735039
39165880
89115009
39785323
23220511
88221229
48050351
24243593
80795190
65574056
46451381
31631272
25521889
41961393
58211237
62564068
58952512
36687390
19302203
98375137
38034541
60409804
64384650
99165495
80143057
32411345
60250881
68848619
69975992
58130030
12816749
35908986
15345306
54133012
30784601
77200924
23657026
82159087
60316693
89635977
57055898
64557816
69756199
13672224
18918644
23747790
56565876
34711733
33842299
44269602
40709403
22665694
17781728
99955102
43181746
41504252
55770020
23020798
17043176
33004939
66267320
46833964
31663374
45797850
53560228
64866566
57556692
29463164
19466339
31950936
83184890
98458821
50107809
25144645
85894991
67244764
30810369
97181057
73882848
75252159
52958145
72299804
87204725
52407706
85293458
17761957
58716684
81341220
73516239
64624394
48861609
11660762
35675163
17515364
75554176
49555230
30121434
67007447
91881664
50430857
53399052
45624735
88185143
42374122
19766216
56485882
48225378
98551072
88825254
52015021
10490611
41969927
19032094
75563996
79310063
96260579
98727688
90322429
23410156
57672789
12789148
35841449
23176830
84155546
65764160
40320446
45745037
90564365
22843592
62533653
18351443
23998551
47206538
16583599
36394654
84766533
54022533
62713317
22988203
78918860
81441855
42020761
23938537
26296969
96410553
53893866
84218056
22452003
77100843
43464090
84378591
15945223
46703258
78797507
93246157
33518320
70071426
73587289
25682578
36091846
56243780
52041720
66724212
54147854
69632910
33344188
20319872
11967545
78773790
31190535
64102429
82186305
98627378
19324459
88166670
51377503
41313091
37114405
25733601
91428075
76158687
63519068
53389772
32065140
24518788
89665385
54045918
15555977
17651421
32431479
63086733
73000820
41973161
68794475
14916492
14025830
22160109
25551832
55237291
12719109
45365849
41056745
31844437
88563411
39729838
70542887
94678352
83854253
93830724
98916979
94407085
30265602
81418660
49734257
74668883
28708531
11115642
84054961
16854017
92599200
61799379
80742068
65525352
50567764
61631122
47328700
90242017
45742514
99959337
28731018
47668180
92345342
44651572
27997208
23022714
14419423
80527252
50417349
61419578
56419330
23219793
93574454
32216880
50651256
62582156
65211352
85018305
33369917
24864303
65230436
84660418
30938474
48592995
28357899
67196656
81337670
22454242
36766863
90233500
68726802
94773534
52101397
93398359
95366611
87734992
13848466
98478153
98745130
63695907
46657682
10769501
98870546
58883776
21981058
77992834
55630423
99886836
58690358
97771678
75205204
35978738
13200069
95828293
50461509
89096965
68837572
87294853
90817028
57345867
36451952
95856622
78534033
58732385
25914271
72298459
84749760
49476651
25634606
88693802
66428640
41365895
13159142
80269407
23842091
93306682
51620946
69909812
97826654
64568950
70088611
12222750
45401471
96429016
78117940
96552764
93040824
87719388
12416513
94957855
45663901
58023970
86313296
94551351
44914841
66354937
46164403
74288150
57149506
78041624
61921319
51466299
65690284
24823591
21378977
91835636
48693783
15704490
35650488
21426647
41026739
13633521
52103307
38755519
39090932
47857083
83777721
44307904
22465458
27794833
56719523
44293158
79764438
55219651
22199317
69159987
22101944
69587099
30704961
23138230
95418021
97890035
32608708
15536725
36787622
75201218
26417640
51847404
61646106
58558568
91809183
79781423
30760753
48215804
43539641
63838981
30561820
89597563
68821754
60121226
28559790
67655029
70867597
44916823
32114233
48076085
55053771
74164324
44413521
86757512
18602912
43640652
64423772
11514199
84639384
12241432
53889427
91671427
84075808
45054017
65487028
58853577
16049911
17348559
80211239
70025157
73300318
30502489
12605190
19264026
88877701
23031549
92904972
34997626
47567090
86405959
56958088
27625159
11260757
79393932
18575556
30515122
89521118
12336217
76206071
96768785
78500216
90430271
32994292
44465590
48395401
86355950
31502633
64741574
45740681
70969705
47945251
61581294
51282917
47304527
28845204
75621927
56501866
79623323
39289531
94177555
85238302
61754216
41534749
61784927
30749151
78597950
63923693
89015289
69852744
70245611
19521388
68550693
12270691
89533550
50582618
48313256
71906824
89024517
22384763
27651822
46449692
58570107
51186572
80855519
52899794
79699034
74134703
11750588
57941849
67003904
12738462
81348010
95442005
30576348
38614794
63121700
85207063
25392434
88165515
78334453
53111935
68576608
87602499
48328783
67295471
21471193
68091864
84310772
31090728
53991396
10532225
47145186
65429551
83253328
76339415
34938387
86609384
94024939
64042571
45315762
95853664
88192487
16934649
57954061
51698374
23997320
56536420
83784632
68868209
15537125
19618047
83845355
79764425
63452207
65001260
42567902
65537285
94800842
79094926
45171371
93469509
95759582
31697502
87738280
18421391
45113050
28861222
88793241
66160036
50346099
56085135
15525605
29388629
43782622
42298166
99195816
30297544
58566309
64650300
86435236
12889514
84162245
30102413
18302538
21695149
52582455
14391154
71283502
27757612
30927156
47566268
81090368
74031985
77756676
95728448
78990863
95467436
12474062
44437456
18954391
56562915
44823175
85239482
42711087
37709986
72926027
94016939
89063517
51934959
20828801
19389475
29249018
24044557
82496163
20839745
16607715
23479484
86472712
83962545
99860108
96618546
98836838
33324326
89757775
89346065
22844683
79541123
10823730
53369011
91565761
32612850
20214093
72251988
92143930
84290800
28068943
21505227
61194370
89529216
52972955
44047859
35739846
54477246
98067744
65066891
47345076
90621305
74097203
90730875
60936149
59845167
23007514
20828230
40736498
75859366
86453545
10307664
18039281
66823683
26922275
35210869
92470898
80248332
80990860
61188735
94253350
95394683
24710142
76277466
97606191
80540970
64983039
51201020
73536001
35367750
38596587
92989346
66374299
75112390
91576754
53693528
25949515
63111319
52065284
96777168
72224178
80332751
36824182
71535921
36938266
14161793
40201545
64879306
95900747
45219654
33383192
22250736
58818148
77522592
11899799
25999698
14751558
40055560
77207478
95102471
82412412
10592961
75460101
32341578
18635210
67508991
24531024
88637701
64584122
77480763
81484140
24543293
88353515
51074413
64135772
69397670
42264219
12527202
23668539
59074061
29066546
57057261
67865130
77638272
65193852
47815682
49039353
33188776
60753091
36865815
61154276
26005208
96562674
36399042
23760019
20306768
90611681
84786798
20911706
47405198
60388186
19746178
96113581
75339888
78334249
59512301
70623931
49020009
48068137
31434826
79713285
45896532
89582239
50950720
99229228
26335658
62882090
95676567
72217150
92980523
78182949
15627682
45124282
82704361
32848821
74474440
38238955
73009976
26556833
56084002
39907551
25420928
45038179
34030738
36422490
77330244
63032277
34340585
49581737
47667813
78171125
51664046
18115550
13862013
91168481
62913292
20291226
65602040
90003742
64708975
54314884
99883619
85021297
45129388
62189736
63119591
64691044
27028644
80241684
85030368
80344101
36754656
50925525
48612258
56169803
29201203
68619155
96515058
10000195
14750192
25042350
59096060
39111187
53184285
31455767
62741207
14548910
23800446
50215018
94740657
19595029
12400595
53766114
25001620
72259397
51110562
31264607
35357912
91915412
83023277
61412269
16454241
42231694
28676621
17834462
25305661
16150328
23040694
45990427
33457769
42050110
89218059
56784476
77798210
68436924
31974074
63747930
33070290
11603662
29748673
40841578
83942016
29154304
99182489
63686546
56557168
59770522
55578320
60209844
53685438
58194027
53694570
36612859
39856568
82403361
39378817
91200061
95080253
56282810
76334977
83247640
83321448
27352499
76881422
51297291
27442354
18703626
59792580
79052002
35929585
26792548
73489248
43376528
41720281
76947649
54793358
62463205
50507956
56256704
87463595
66500066
89522892
93687166
51896298
43555835
48176571
95066943
54693351
35558323
91330967
43711263
69928387
72635088
79186505
82840644
58335869
60547723
91289485
87599291
52596494
64228025
30022014
25171180
79343993
47405706
50376070
66078425
74122031
17895034
23743525
49221101
53988611
24582309
23430124
18282807
41479885
60603178
84841743
38754224
81583097
35777315
50911758
60011445
40540415
73178583
13795728
62168376
55605764
16649615
89047773
95890785
12573012
62597074
12166521
63733814
59850322
70720597
23391615
28757168
55587526
46483910
53963710
41621730
47896082
63068656
14249682
89133029
56991104
71456813
77540694
20735567
39674767
86847602
36116742
93334954
54654565
69536340
16252380
83297911
97559182
43059274
51773783
50288564
11416649
63218544
97782395
17156828
79256466
64006973
34815083
32768027
24245034
97067952
52873236
97079122
11129982
43714708
64168196
49552508
53623156
74898712
72623594
77492173
25276010
36861610
12824607
30546720
34350917
75844546
82028619
41859520
79802470
25218904
95168501
39797769
94560984
94308952
98472535
14063098
65394135
99908623
41043078
17780756
84782789
72631188
75645485
51186869
35830359
32117160
77230109
93598674
53473998
13420529
95925493
38467494
86337924
35536079
29735048
66959921
35573978
70849477
37665223
68302050
16497932
45806963
43884755
32750026
67645947
75757910
80894812
84212967
34632178
47315171
57300547
64963851
49858621
50116716
13082375
20481165
23157856
41662520
20220508
50214142
24599647
66130535
74369589
44202316
49486699
61725683
88206129
88283297
41178440
65148202
45468655
21949830
32929578
81958907
15084394
26381603
77507693
33573000
42804177
42209439
69882057
31873550
99522823
32238902
25859793
65975022
82625469
15870426
73242605
16329416
10795674
90248677
18439490
21073746
96290881
41321788
90707946
60099867
59398126
29470962
38411401
47300122
30295253
35908971
99539471
11308759
62355540
44735989
62795857
41944558
22047252
21378344
43224547
65518270
88968231
92358318
29340343
20147135
78660153
81368280
21508417
44720906
43054652
91858594
42058486
90470650
57723692
81108495
83971009
55318034
92589763
88294775
99916298
60642031
16231103
57075194
71755037
45272781
34804616
95880689
23336268
96315590
32949413
86597807
21495679
71406349
26257818
95974604
32834470
48734668
53836781
97171646
50067551
93404332
11267348
57950817
77121948
18132863
74343332
44035242
82029097
93359574
85003709
26503969
91359349
94411890
98721383
98895344
14260537
60047323
34527011
23722161
25535530
99974683
21577764
48643204
42411827
77818021
74987864
37556855
67448249
68115101
32400074
21421733
58499455
55371877
69596593
19458501
88255710
22484467
89822832
18572779
32189926
35020785
55290341
75861351
19474034
45344096
18392141
98748051
58171613
26613266
58220102
12962887
13539596
71003528
22411141
91521178
22499561
84577673
64878052
61182386
89197897
17313083
29806246
36683297
78415951
44046631
53293745
42511285
37526330
80662238
51228392
96849867
67951941
55152047
35742289
23742438
38423959
81049923
78353458
47938216
96924974
66708718
92253497
66961384
15658230
41854926
78797142
72190987
88263152
76489726
50125415
45697686
64685227
82716423
62775437
53094254
44586309
27711238
81320918
78824197
76922526
24650777
78629887
66213450
79571872
35451222
18837511
95962596
98323065
22271279
87615574
20099336
45417505
27979300
67515371
41171603
90610550
49832924
48804337
47840008
23850892
71796910
68452807
58889596
19773815
56287558
96602727
73650980
97135385
74452589
10933944
87631917
64048154
80987483
41857997
75624176
16490923
44365385
67936356
43547751
26154688
58602715
56408237
97239947
14031530
63949770
56995136
17863247
98640518
13524374
43490398
28737355
33144381
49969218
30615001
29967487
37334571
15327667
29449974
42769060
47241886
61866041
57267219
69910258
43545566
64905330
16592718
26191508
13168884
88191037
67144951
70953573
72016236
84797560
59114390
77361977
60013242
94750833
55954971
30598208
22607160
27958737
31518532
30576567
17971756
93163049
84206978
82205489
19487278
90669555
23488686
22707763
21992111
15971019
46461300
67080944
64294952
28087070
45958188
20369663
13321100
49497506
90875003
33979201
93631181
56551097
38786819
78048445
20870498
51319085
69589039
72145178
47944070
89606398
39290065
69286896
22480805
95902642
13637912
35260555
83265029
77364053
60096880
79585029
77607686
41483599
72444800
92941535
72825693
75576224
60861147
28862721
10435777
63912488
62977439
32217146
78258740
36581606
70313682
77902177
52281262
98098720
79557025
23684801
52588810
67461569
14659640
29491977
91036774
95533803
10492895
63058251
64210042
43382846
12670198
85709426
32885133
38564669
64110745
49049427
38105606
76571870
21004202
95804271
10458377
56084355
54844365
45268882
29928823
55527496
22780361
32545336
15694230
69539409
58778864
71861890
92047844
78165857
93127877
32164540
19616856
35821729
33919812
92333884
24273836
42440161
21220425
43433260
30474654
30539121
59837690
63905131
41608388
93986307
96298136
49154448
72352474
18384213
63285661
91633878
22156412
86758515
53120299
34106273
24215310
26796672
36079361
27919331
13979175
89233399
69160919
18733392
39437758
98290907
40387626
59533283
86421893
98201092
69275533
34697672
81499866
53291090
51758941
24500052
75157610
60006316
67377950
90288504
91485557
47992786
46808354
24197937
31796769
95784145
26052022
67547199
62964838
75108424
16202240
71098324
84779123
56604719
58546383
42422515
93025468
45119195
17074180
42243464
82055300
56929828
19720787
27515259
17623406
59434647
68333189
19650179
33179084
75104222
57814516
29666379
77504114
51896652
14425578
17919367
51994060
79258842
38653664
56317116
18287243
97180788
68184379
43070154
66425945
70540934
40049601
62103073
57524190
11170027
78831995
74055559
96147495
78370178
57840584
60948106
50707119
59343511
77429125
43401983
78431815
64106395
42267898
43930985
70778016
15840208
24614356
55935029
23735810
72962605
67255646
20666633
97464089
81905304
34499786
22848834
63383477
99437567
78088032
92799987
87875809
90404340
17043235
71337652
39991394
15410302
10853560
41824697
81142260
61541281
19367575
55828658
91979845
30973897
70378833
10370187
88889657
52524326
73555588
40784923
51230710
96923637
70965625
11490907
21602884
85688880
36812549
85244764
47670731
21235202
62510822
46958383
30303299
78918046
70230492
96240661
64186771
28805588
81051921
59594950
37477970
42225348
37087339
52603722
37850259
68436930
52227061
49847000
15602549
38995180
50441856
46798648
32578290
41208605
13404493
60280031
31572631
81268783
89390745
17715967
54221597
69314467
71979309
78552097
53589049
38890871
89770259
82317879
88513876
81687032
91503018
22613694
90077257
72798451
41546535
97979178
99306267
73765340
70063897
77525517
45039728
60341146
88155554
20892279
60893765
79679944
10150477
73134791
47487586
24554609
13498570
29871334
20980309
46487740
35414522
58826846
90282502
40304652
58342686
61139128
37699725
58739908
57482714
35383691
87798873
96521584
50083339
46287893
36874189
84702745
71999889
59428051
39613708
70949954
85798527
25574505
80153865
78689463
52092135
92093653
30374813
90895018
16265353
22389635
64470582
30942727
59529344
97197258
52276366
76366926
74258500
45183939
29797220
67183320
50451430
96365391
67371557
65921027
22351781
80207876
17646730
69817818
98031352
43302263
82864316
20713306
35736602
61562583
44548385
81745099
42379207
72598639
20708238
99426089
75918482
97093955
31699710
61181576
96856143
74810879
67827063
69954911
64782276
47822734
67277596
26578959
86405286
46668842
24910490
31022357
14300324
12601259
14823909
59783427
48777534
88218003
77261979
59544016
10702000
89909723
62328447
47007244
66361937
14847414
97148036
34113169
61619462
81594294
21235753
16131238
82862416
57797955
75760360
50996888
88560771
38301465
47743589
51210490
12621126
65124184
56694774
42372573
21933994
71200694
63725764
22293162
89628892
62882319
84967180
33365179
19965207
67857243
98048734
69830973
44336405
25993044
95157667
98077279
16344692
18085002
69265254
85608581
17649857
71631516
71034711
81567614
67109068
92009299
94387384
34772130
97467945
57105989
86426594
35898084
76546389
50550932
65093505
91252607
70431552
99930963
86944993
77213938
79691235
21472061
29822441
98099096
83919147
35952749
37796660
56561303
48937600
98951984
91247963
78617348
37582335
90750141
46386784
85687693
13529360
87108744
75253432
98678691
35238922
33780050
61977835
45822903
94541845
99803882
96785702
69457009
69415225
72835821
81786076
18266785
44027933
63375706
77707462
59840563
32370438
96411112
84816479
46755631
85527357
71178766
46344263
61126987
29918031
95441033
80726556
98503944
57117718
59174614
31514755
37276090
66116486
10602291
52239532
86595528
91498117
56181140
99121129
43313857
76657578
93206024
13361838
81380963
78290385
66998030
59728992
67361329
24987027
72920438
41965596
67519373
59526877
89299545
17793283
34034764
35873237
83578533
59944292
67020642
15773006
76316809
19053325
54170524
27602248
59807360
73997930
73373487
42957531
10667368
55918060
91540581
93781217
22052828
16059765
83027879
24619951
81311384
61841842
20963652
45426277
18384565
26222394
93095094
47011327
29461093
49431505
17139015
12336192
80660359
29206135
57706467
33164416
36846457
71189609
48585845
11757424
46914833
36063501
71314277
22151130
64958537
70071837
16405889
10875019
45756847
78062488
19302238
81337358
59519840
60509185
10465863
24723561
11259552
75695014
55997602
56939941
93950770
61489092
81143701
85848177
69440576
68784643
29977292
32905792
56013953
19271212
92072984
65002811
21188076
28780850
22714333
86022154
34075030
15681638
10754252
23500388
97625116
59839703
66206770
59496683
46055609
19152547
54072915
32817398
77512958
91133186
26727833
64557284
24763356
84118002
38459987
28343385
72028888
81789976
91673513
32172757
62446357
15261019
88801660
37424612
18104932
19673326
12380604
53020225
75265184
23742038
26916741
32218503
78584760
44560652
78621475
12378075
10381782
61684063
88286719
44304794
18380551
13636962
23254274
56906738
73762416
53667839
75972004
42516890
12771003
15387737
58751349
51741858
61953338
99003553
57642652
49919645
89535688
52310722
66699672
96796657
47609532
49584373
28796968
18126469
59240977
10785847
19001323
13342313
16421077
47033548
39391095
79115440
36016383
66480702
88618188
82963039
14477989
64726731
48804969
95324002
49746047
67833364
41721981
50245192
59265640
94445242
89143154
16696544
64191593
30323828
22218523
60080734
51679646
34609630
51066396
82822230
91486719
62708151
29453312
36865711
47292586
45569590
70074188
43303638
19629937
77655466
97889743
27871912
10518908
82362924
69220594
15352545
44121646
74564671
81620078
58151672
58312548
95957283
47994592
43693314
85889011
96402250
73449666
57916217
98271819
39340738
35190247
15805297
64829713
70005964
40518016
59854558
74332085
82257162
77594133
20670601
48389913
75730601
79570205
71427988
13762561
34727320
50866313
33194690
72107068
17935607
55560872
54726012
49423645
24108291
49857693
23999951
84762367
82363106
66470567
14218618
28517038
88379887
50154832
98968635
84340001
51465623
65939352
10910683
28531888
12578245
25668752
71628585
42632642
86317061
94828988
92550988
48283208
46434207
96249058
39518070
35657445
45949930
88028841
24766495
86234134
69241244
80036283
84096109
53835028
24051981
77315268
10918137
38035802
63668742
26714007
69971485
50919505
27733639
34235597
20463740
15628542
21272962
85903937
21673160
20841095
17878495
76483939
29317304
74808804
42705724
26406474
91964592
68346609
75169488
56435722
21108793
65937857
76402854
60682628
74892042
84948513
56917700
68492352
47701712
37219359
45477773
15229901
27312129
71296457
99720715
74962961
29191842
67359859
53691933
81725956
41420433
38385838
88772048
32260607
78141796
44241981
89530748
21193833
12720423
57153344
80620390
56934440
85685226
21914740
52017587
56576750
24401986
69596494
83797000
89261794
78624271
90508150
78013689
32063288
42651602
13965510
76210657
80530411
80575589
48054079
40062053
57562764
49085217
24467984
49679393
73132639
77106090
15926346
73372053
95258729
61143089
49099948
87401475
10632553
72628265
51383300
37717872
21508852
56067983
55181637
84139198
53762917
49685621
61937603
87060226
13802763
24929195
46922048
65391050
89930635
50599026
67245206
86497878
72411998
98040086
57353720
26358278
27126626
27289653
48430827
44500110
69128635
98092114
12622064
56827979
53938860
46727978
92452986
55705944
90971831
88818845
49102723
60150500
62408126
24950064
66888170
78834262
91674449
90839609
45173240
99598024
36790028
95823840
70602243
99269311
50160202
56216589
71700257
36573841
72756783
98890063
77617078
52235390
54672028
99550168
15553581
22172876
54361677
57662160
95511679
11953021
94520928
19416373
94783431
45091024
18757333
30945034
97432417
97434837
29710991
50967403
12966503
89093105
87589830
53750667
59146334
29211053
21974990
54664023
70231919
17646724
32350229
74487995
26210597
38733433
14040979
13476017
43858080
47903384
64252047
58908461
82419528
54457946
42877274
32026722
47371902
15770156
20861364
26222183
45828710
57578091
47296023
44154583
35877623
10372416
44749827
58768347
59307119
35931887
20912483
27163968
45206094
83647198
60801814
31409498
10371356
52541802
23467850
30463903
54653858
92565514
68634884
87701268
36055350
11682647
15104342
62445980
32457426
55222827
55738753
32298462
99084190
80684062
52841369
65426111
59335094
19555946
66888766
65802967
22388892
81822283
28416767
43000865
95339082
28268594
45383030
97630234
37422638
30677737
67329265
41448297
79435161
16449472
30620387
67796337
77232996
73997820
72545198
22925805
96050307
92926982
48154073
84338756
89794527
32169225
47581890
78889643
64254528
85669749
62952231
30827266
97155002
35171260
12977036
17987431
70746385
13407558
15810403
94604485
88748001
17516483
79406407
74322942
57946710
25624938
88283477
86468395
76103033
74265670
92128677
91358298
13040468
69140214
17592570
32825277
67310864
16102798
87131454
48447427
21643911
53839418
59902324
55668670
37865256
91587279
42727314
56156309
94248147
90464810
30364542
53604646
49980816
34046365
59948677
27130608
49157397
62368503
27758713
91300205
78514714
56527116
44684552
82503723
67278375
83944138
79643881
41577274
91291664
97403385
12314210
67798830
45575201
32645460
50285699
98508480
14569814
37187984
46208024
71486852
79164211
46414797
55315852
54899340
72104135
91500600
44305270
70936934
69841255
78564786
71932329
56727014
76664502
47795360
78177240
21634843
71594277
47759087
65999899
79981526
92719171
78038715
13889710
12517642
44460370
42173888
36448967
73644882
81124306
75703499
18158542
71230852
72366618
71431704
74532994
69224486
20278515
33727536
91906124
74105368
12278968
77047782
93753709
91131803
59552992
23380769
49430074
60968964
97297237
68810598
47789698
34698462
48213492
19237834
45165505
93077644
59518348
58986262
95181725
91649118
14448935
25642322
25290663
42682079
82103790
44718891
67310915
97278752
83841039
39416184
19107308
30024171
99610786
18013376
82878703
52786599
14124656
48342204
88873411
67961655
22764450
14022796
38087400
90325835
99075033
75231395
35011492
72480449
95715740
59625846
26162732
39330917
32007627
95055567
28211878
36956336
48170120
55290873
79332638
74822203
33197702
30380722
44964942
96949586
70462036
93665300
26856452
77207075
67532930
23523739
45298416
47669366
73480802
10384141
89179912
26378668
55049492
43116730
30861629
81495861
10293344
33774783
58705420
89475526
32670812
33576135
73459561
44836800
52537183
53964892
32674027
38141084
51969912
36752647
87184927
17028310
18115717
84541979
33352049
21879977
63897003
81533199
43312993
74428545
73441390
78970843
85457110
49126404
88916327
14836616
42664467
63382901
57498498
60109999
41842190
42226868
62246723
56413693
38333744
96530591
99362434
89560466
56800746
33107480
17140363
89330883
32813203
74180433
69102813
73552319
18908623
62776221
98391910
44629981
85695882
78521142
33186820
73042700
90606156
25573209
57935128
18601719
23388253
57734137
76525969
14278000
73040973
96907675
78842295
49390573
14615348
45870015
52749210
88919806
71798333
81790351
67067418
13240590
62587688
44208988
73645945
44743311
48457262
42721998
80304369
23296515
82730923
76550171
68245190
38989905
65163161
67004511
97619340
55499848
69319951
65717325
10173472
97983166
26694941
95359123
93906264
10958682
50681077
84383927
94411362
12566468
65945797
24577620
44461772
35639891
11509900
83418721
34825161
55485997
14305645
80135091
91840618
28202188
96287691
51018108
58737206
42726949
92957248
86601280
59944835
13314543
10341186
36135176
21790012
22959449
15284300
56107541
50178160
84355430
95148973
48785765
81695081
32231155
40796547
64655531
86056347
16363606
26189908
11116414
22300027
90321031
95573029
60125315
39623447
26795541
35798378
81863234
67857315
15244081
62473020
46392305
11454784
72003891
15417091
57639651
22897548
41320306
86598096
97211936
75176162
72584816
53971716
47513660
68061119
33210268
99917145
17042946
61019023
88379998
24279490
94661938
38869068
26375824
19983098
35935413
18051534
27479701
12552593
38799476
15144244
34458634
25462706
24218402
81099513
73422395
97288720
15275774
84041291
10948772
74924651
49602022
76122637
67958751
33605360
56103619
59254065
11670723
33728472
10348949
49680367
56783038
94276527
31993325
21744460
26818635
70548247
81601037
83888855
92243094
67886752
58114133
60501565
18596590
21840629
86025578
82613345
16371020
72811484
99669323
31722550
99918512
28418609
79156054
10666984
30805792
65529014
56194392
94449103
80097433
30993579
75364515
88116269
60059866
31936645
41572537
87858206
12168406
41815104
25651490
14525047
26968166
58230294
45333139
20429067
81637660
10288530
79206648
67325160
65754106
35554471
59916853
86201296
73686025
98978068
16810875
72384567
53493137
34160425
99449327
40504755
96079808
24677937
64273965
14010878
81757375
15255953
63711032
80403035
98802845
86794142
20574682
65779045
82083351
17907847
21489916
33108861
77353464
53796846
25665499
94387088
94906082
32671034
93007237
80481534
78902461
46629673
61021779
77901127
27487708
82710804
26757588
65907546
11194778
76163971
31756047
88361921
70737466
55181249
32511662
25484835
32677837
99935453
60600658
11781563
11768057
38292622
82942999
30608484
21401617
36283783
86532967
59080940
71966667
41991643
77641655
96783112
59364231
89681976
93247943
62161248
48228725
11571736
66857604
50446388
63928505
84444024
38453774
50603712
49085695
83081204
95667081
10886300
46959926
39394143
49973505
15415645
86595504
88501371
43787659
34162101
34229538
10776427
84248916
93807680
21489601
75826934
83050027
24719748
89724692
58458130
23500836
33335174
96589309
89963829
18790777
42978793
16917872
61387586
62835869
32602854
36004055
62146343
96084536
48179826
35549045
86395220
44809985
71424070
97654225
75620410
14638618
29298844
55477305
26505601
24122298
25935505
42270135
52297409
75848675
56862262
86558520
39033708
63813267
67865780
16941693
21763085
33399953
42815301
28607777
92087990
83124145
67567655
37884526
83352819
99418571
58287625
50622502
15751435
55392260
51685522
82971484
37697475
88912724
44893215
54146698
87095865
82748551
98653150
84937430
52694725
70717817
49437457
92552520
41990598
65583664
52094479
21819179
82333667
65120280
52672982
91732826
58967593
81842523
28856930
76400758
40087961
82016446
54381375
69181818
34642914
28988693
23589794
91250178
13722397
15670587
99402938
64365894
14610856
34044795
92955526
47827778
67395382
95717115
76925802
71238980
64509092
75844372
79292096
88983453
97585031
69521352
90112797
56283450
18458954
21392527
98277676
51342487
46725364
76883320
50061998
11274814
80856823
60265014
99685132
63597309
31972787
19210781
10825837
63136195
99660101
73653980
11900268
49371816
21905948
54249955
88601547
90287227
48231872
56774551
38260598
58973009
65303313
71958419
37220201
83879598
57679955
42845799
71332767
20498706
73586883
26455900
13343935
20434216
22685069
28333161
67522293
96306952
91392363
29989732
73736282
86933930
27230690
93884045
99426847
82588125
83010386
99435318
59862563
80307181
16330414
44000845
36800766
95476278
79684425
64598164
25097054
82233898
54026507
90639559
92558805
31328797
75652357
58263802
46440619
96628324
26410444
33808677
45705398
18373974
54338853
46316501
57715944
31981811
62379850
42828355
37282814
19554749
59053194
54705665
47740915
98731995
72081469
22975943
97124221
22156745
72281123
59888866
86654764
40531429
58385469
98694903
39407916
33026387
96996800
69378243
35366706
94477351
62428754
64583769
31607667
55906133
64165763
10406148
39843020
44120778
88257605
69059365
88848788
29388990
60609038
91980852
91649409
11269181
96513993
83708837
75022344
84447931
37941810
95710719
99807360
91594704
78281982
65539752
68722490
34059163
26289616
35145405
74669447
63633254
73294040
74519343
35496412
18726987
82036040
99213695
82269368
83939897
62136053
22356011
29168486
82832480
75629293
64158955
31532138
14925620
78292339
37825561
73950640
28166625
39691744
58399820
23218617
92234583
41265333
63755161
62822279
29089605
88005238
17830927
47442757
11678255
64085157
97386840
24553907
49111044
40346663
91892305
44591686
67066942
41135525
92842223
73885437
66265597
82708323
64144529
63153088
11468194
49625753
90806897
99161765
69431001
42921395
68241683
49339312
39182565
44219542
17853040
67211130
58829770
73430014
68736213
58988951
91715250
57927618
56469844
81360266
40738622
53164406
85849254
46949793
44940297
86278559
66059641
96277335
59393464
55914316
21016662
85427380
54778910
53631973
15609981
82995075
91979960
22095677
60352529
12614460
98906198
35558384
79018231
70245391
79077526
43121970
16900997
26837025
21026432
25411399
80365109
57083514
96965226
93902965
95993695
84453690
51831201
15452456
45502889
17012852
94646353
46305454
36967920
52837832
81105581
23317804
34863285
28433834
40259023
13503033
31220149
17857299
30441407
91077163
80769327
66063815
52505147
81286035
50466276
97598005
88537751
59942463
84335550
61523585
55567419
96273134
16356242
29017373
48958071
83982695
75507435
66411596
25031546
25681398
67045480
70083052
97825786
38095982
49569668
43676668
57775336
46108792
97100018
95701658
29258702
74849818
56185357
87507300
72574833
88257839
95982814
68900259
44411228
60271839
34695689
17302346
29208449
67499990
55479679
62122053
41394388
29135872
92515965
27308137
56413943
26429325
67786068
61800016
63305415
63985838
25333870
12320705
60191204
98213067
38542247
79015438
51915867
23528903
35665972
24601856
62006713
90001289
65368658
22613906
93259982
92472367
90819215
77559976
47796175
83720281
78049054
47031227
98910009
38902398
56193807
22570130
92544254
68710253
59145159
31526510
95494817
13513309
59628659
35685991
80761217
33480782
63203144
39880195
33584106
82023108
87892889
80057336
31111400
61705882
35378134
60040243
87855173
87656968
14737078
71401659
45869812
68931647
90723637
48389188
16189465
63337565
87050168
58295347
35879769
63088052
63525264
75899779
90490044
25245026
96647021
74823767
97498961
53425968
43338942
40625297
12594738
96719155
80538825
78358817
61202441
56048252
42037189
62200212
53932894
90514250
83277172
83791794
92393210
89279204
33948755
45538423
37765862
97455129
76693635
58397624
75337355
99125395
78911895
87882351
96573040
47506404
67088751
40943491
24537150
63580223
51759045
67853083
51165804
43602685
47342613
52105625
64189434
34217967
60851815
75323367
22684638
36172788
55109566
45238438
55713651
67503500
81855328
58242601
90885855
15484885
48532447
62727521
18374593
40244744
31029299
81526541
25129506
87244075
43224846
30872901
99991819
64527659
70611552
63382011
56903254
88041244
97533760
80908470
14222070
79795160
90683729
56379931
31349703
56993706
32200345
85635424
97439434
64407247
95841145
95879709
88258864
87927844
47012468
59736886
33838192
15148833
69729849
95635162
59132788
76990909
66147643
38991979
13614621
78608432
93454882
99044299
90506436
94423111
67688700
10364254
87093609
54597513
69432643
16114264
94998585
87845864
62241103
45268075
67954007
73468279
99304005
47353582
26357571
17777726
22643466
85051519
70373533
45966100
71567035
50728475
66234810
10644825
87357889
95896859
65966648
91339015
65005440
61888767
88805907
32093045
34581822
82163014
38012546
27095506
10722319
40806767
48765066
72552802
99603186
48363741
68733752
49925635
16575253
45144404
49031588
68832064
71818171
38699736
97919675
85921894
71870802
88663321
77689181
87429438
62159508
66310975
63590643
41623072
63834610
85089027
24877455
24844338
57860200
77075793
47454074
49095666
21190271
12165445
53748355
28870271
67146552
51236984
98509270
83333622
17715000
48861149
67506370
83771839
63889233
48323305
12558997
82154579
16494320
98351283
60946030
35004046
33503756
15864985
23488471
91521266
17164993
80607056
74356644
69324236
28694418
27918284
43866367
54285056
88519071
31072248
28235514
57884685
31029566
10591256
63721442
72846119
81477281
22971699
47427064
25974152
71326100
33948270
61348857
94948959
71848899
93123996
96086295
88286664
81119118
81697249
35524444
16310280
92331230
16142484
90875578
30792275
60955300
53024835
23494537
22947087
38261279
75768778
41239975
59550231
23025805
39252622
86947371
89556193
55462672
77341296
45652831
85569864
49758828
59856406
24105732
35136031
63913873
35787065
86449670
23758692
30768081
58475102
66962303
34787172
28945911
18047681
46365302
37044386
67456667
24049494
97658243
42972338
50656886
95512466
61236596
53836333
33365649
45455420
47683490
50437729
33624158
58714463
49531965
68007473
52106867
35141928
97662631
83787244
87345278
57118286
22529770
25546202
21326723
32949497
80298672
85655413
17691023
72711728
98877103
33996311
62453294
15267113
43500702
34898205
52427502
18941182
20913497
11054608
95983168
88313843
68555917
36301806
28183649
13486342
54075399
33847336
11528801
83729134
64297623
44247127
20639360
42805378
18122718
98469560
38848696
33872478
11279955
27161050
35962718
97303475
38075170
96948781
66700573
24589125
35224905
13868168
45888376
34682335
36200543
35481608
86954351
86324535
94903340
21122509
62182572
71952345
56964871
73005058
90661947
18621407
80655368
57554619
65706435
21057670
72331160
75210330
22178823
63983754
71596211
82931807
76943632
24962195
30759687
58867228
48696869
17748490
32395393
66580125
74301003
65766377
60069469
12401126
22178231
10053730
20890144
37204191
84582054
88380632
72849248
91705949
41031885
38093588
48732518
77527284
82815687
92421786
35688478
95108570
98653931
77447793
67046397
74791572
39044523
94565586
69567077
85515824
43036413
47261130
47002174
43413668
43963396
81889085
23541175
53355860
49700644
87697602
43604733
98273315
93031343
82578250
44384521
35265298
91249448
45908652
48523172
13875596
75385405
38525789
82170812
34583283
52143468
11084448
42258407
43214910
43111254
79093600
17119497
72082275
51421477
93494517
22851896
54238473
82718782
82777680
39476359
82104419
46492758
67173071
93287744
52772754
18851939
21920053
16453426
43584995
80348358
68900192
49982769
63773833
38294148
49832764
12694280
38679685
34463379
50588033
67042101
75386881
90367991
38042078
52786051
23546043
45929926
14428679
37393327
64766294
78441318
83421136
29428155
13330085
74049933
50500777
43904961
98185534
65031389
31997865
15683045
60537853
90731512
45855715
34126831
21925063
21205144
32073505
60996667
18763929
60942445
36753776
95014384
15333664
70614210
44492382
91603193
25834967
92617180
36019227
34569722
71898281
90092843
70829332
98841738
39113557
76997716
55618359
69849530
33804091
41443690
53435769
22506485
32436841
39016271
64045626
83923978
21166696
40764214
89961047
29201468
56868569
16702374
51590595
12406020
59314185
57458652
38917112
42934921
21101802
31647467
87125055
10456711
68087018
55894912
69757053
55664476
57143676
76667908
91605872
82429987
67566513
57137347
49189494
53298368
27535777
86678322
66344519
62339735
58432202
79765116
35157224
73084281
78454372
44001805
90343606
11792966
65217315
68689295
57135484
11814890
89205012
37680173
66515799
33915849
40386002
46664575
76156253
24968106
76731542
93602981
32516172
78380538
19706375
79341260
45900888
21016807
48172342
92123985
53446188
38298143
64994584
40192366
20294728
86941148
46857806
47335054
69079063
96642319
38740904
26286087
36010350
40857413
98448332
46047013
10367812
65254209
83782564
14513401
64293602
57423857
46371464
39256912
55168675
52153932
70319370
21689346
12922353
85242921
76603275
92378352
47634288
15073289
44374580
64219176
99107928
45495113
61849235
84482519
24859565
35718142
12515392
20858128
60201710
71658152
93940634
87072247
62415296
15690472
78167399
59768375
43103183
93264701
85021596
15796719
76916572
45831407
90315348
95129394
52470477
19320736
44283979
36509841
66749008
74861598
20280761
22639301
12499182
18270988
42343825
62833873
55578265
15401578
46505629
25483114
68676933
74522507
44773158
42682846
63179962
51408918
49673053
24617701
31637538
81830653
48100700
86754103
21966433
22071770
61885075
12619570
99847448
81222606
65621509
95816490
30239990
80418133
52340995
42958929
35740632
40477106
25368176
59065543
52773111
63944521
54156941
50303131
19727078
66026676
58380830
46081827
77227861
11441389
69715165
54401999
74823781
22496900
92864795
19977356
16372407
98193987
16644300
36207216
83721458
49960392
85634139
80651326
32820949
26779854
53709086
96023452
63059554
38375208
22002558
68853921
62518117
91354124
31430118
45249506
49133877
27807792
91728904
78190308
91329171
85287412
36858108
12420781
31446035
86007722
45672697
26173192
19728653
64319965
90179452
64274467
67610275
55610293
89793727
34316807
80045918
79794259
39521194
80402725
42624437
37177296
47878962
94872743
98210717
71343356
56526861
94716950
18204559
84836417
65387024
99429096
20960357
75195203
12443090
84937766
77106854
93147366
81626850
70645055
13680228
39894241
96096905
38750045
54128536
23849775
92716996
24905650
21102560
53808198
79725010
67963967
34302264
30950430
45659988
73450847
57605296
62593467
15085499
19887654
55610277
16845637
16064238
55537271
30446801
37097523
83177705
79860929
23382307
39651351
39857961
32728264
73154263
47291190
88655125
93629202
89348938
43640516
26969531
15905505
14961899
90606816
44946354
76254180
62787511
90574864
60105406
77564669
62996457
91860419
54999886
73580322
11146798
11537289
47709180
70811664
96892088
32937717
77697826
43961631
86183008
23453796
82640410
88669480
93094165
85020233
44645097
51966708
61270346
43429894
52309710
38261036
28635216
52715427
63596050
75327938
91467848
98123956
41322605
83587586
79720075
21487338
54938044
13177932
25169531
30292415
34563997
68797802
58731460
92560697
39655029
23009507
81577932
26890740
56309170
78678309
69809651
85380106
86235674
17991207
41157474
62019690
62476672
33032991
95141517
73504910
70690010
55413067
65137862
17272673
96286457
96595770
55702104
97292619
84789530
55021113
70824421
92977278
27029007
81572129
94353468
68608740
85365586
77853840
14564266
69138699
57413472
33746664
35831151
17001581
29512117
72071179
66337353
29996007
22449571
12350006
73148110
66559039
91008579
30846542
14706393
75789622
14740247
23736301
90833902
46333330
99756480
43055493
90095247
67850712
23733966
89796210
66183427
41931125
78867835
51943931
54854990
89600016
11134945
37767262
75031661
36810426
58596557
60749803
30984120
72844481
99159505
26308724
30639392
26057105
25727408
82014845
78700907
79190599
99719166
92632687
13552857
76004590
41909977
98142478
30752436
27286304
90481100
32050912
51172933
45462537
58545498
21932147
36185093
92323072
49870029
89717467
43653692
25340855
55600676
30077069
65354941
31148327
62488368
20730998
91258502
90561120
26448772
27192990
99231773
92661045
60390441
75085131
63325393
34683893
94087597
99340249
37226163
15783341
92407832
71754690
15616663
43399224
33147675
33446045
22652169
79765619
32844013
28750634
98243331
46573979
97767333
44855769
34248258
19199260
69158133
12746726
14556363
64583158
52101335
86648054
82678672
71711239
16253099
15605973
70980806
74543877
43656265
74700844
56174924
90562856
44976970
13407147
74694278
83586464
80638315
69965416
56519383
83766068
39442267
52547726
80883003
96891227
58985689
22545624
12333845
75356170
63936417
63345453
81065773
31074683
92556139
69852577
52111938
87757343
93883516
79668734
85400070
85144826
64257734
16630911
60854876
24559810
83055688
17619329
52102119
87784933
86278101
11018209
22230007
30343252
51108237
95818633
11537299
32399625
32174266
70362230
49442306
20194250
55030474
90490565
26185117
56859774
66922127
54769954
74526536
35106637
90546062
38713259
23056057
65841311
43227673
47094136
18548383
90394449
10743639
34903516
42025932
72215325
59692020
30650321
72351639
92503037
32153686
81532377
64027448
10707850
86738305
25352753
92005395
94668319
31468719
97393884
60249368
65632082
34594456
75787877
20611794
29318813
10001474
34430314
60474728
50221110
21394876
42705410
81318677
30244328
65556070
52464707
73153613
28924918
72378062
94653876
19167860
63646600
15343291
28174091
76914551
45647589
16032834
24577774
99864988
91189060
65254268
25742694
20649416
21443952
29157538
56019015
37138609
32834364
34040158
37707421
87318922
74936808
68828114
31790907
21859392
68396071
45994393
72918618
89716277
33489107
44894434
77054769
56739022
27920243
13701792
73904451
96831467
45144046
86360977
34200763
53844876
49184325
56901261
15182879
62133560
63872743
54179842
34162209
75728402
55622518
90300186
80355890
82676314
77152282
46308487
15062709
90223277
73923095
32637456
21046090
63196706
10740826
69633628
53375122
38596046
36364635
85404538
27955419
16393433
19277908
89455895
85442190
68614739
72731072
75278435
29058985
67857504
65106634
42382896
52011516
20326181
54584656
65804398
53142091
34042076
75368550
92674165
32884536
76304306
58437826
26889494
55600255
39832444
47306077
87952211
78773038
99382961
30609442
15823381
14146247
57727483
96867345
37228753
47877615
59755145
31021015
53503329
43608267
94072589
27570361
91814975
74263385
40886300
75166196
66207217
20104897
65074148
62835921
42538077
63248288
99943551
77536337
47355365
90116888
22145011
10026373
64859942
49791741
89245345
50583917
36699750
87074292
26340057
53815646
33529545
70301756
97850966
52853073
22147185
68978048
44324893
38696615
10097273
73662512
97262199
44133050
78704527
93749537
70518031
13063122
75940843
18397769
38525592
36486725
24417082
36331353
56882505
11423703
56355288
59742320
64108793
27045286
61809801
55255732
31799344
96988890
68173638
89777683
12060085
86490609
83579285
92025842
57031613
98311733
93493431
78924710
27023307
12591511
26192966
92224001
23091916
57642174
73808431
11744402
14580597
49324315
43604369
93028182
66434137
76405499
97409495
65822541
44118715
27416527
81080914
87504147
16578975
23880444
73301474
61709085
35418043
69283561
31642970
98549315
77976823
35006315
45347474
98395411
25146307
48355400
41515094
35873310
24900993
81810980
74469437
44381526
39701809
79636830
50432970
98821094
90168095
17392788
44200414
61885688
21561683
46176381
47443961
66951620
33895646
14086462
35725098
38546373
47799924
16699582
80241322
93790722
55145240
80886545
47841153
74505973
33758918
20196453
96673003
73604905
89904280
21813915
49817547
11253151
57097385
95748926
20475450
52747487
35073511
60116728
70884423
78666939
97107374
75607551
26186245
98620185
57087783
18947310
15263829
13396833
40298804
68791669
69270493
36889241
82903771
88969626
35873781
36265422
53309929
72888210
32164453
16513422
15598684
49055156
94761668
67829877
28055788
38771465
21896532
15827143
50839905
29041478
43757550
69807288
21195446
49064357
35433272
96720151
51430830
39625628
75622507
81469199
19207131
22592753
86293583
76566685
41758120
15146427
34054690
24849179
58065152
14062606
45201847
60335004
17507805
23404227
94476290
56800207
45113118
43443425
73548151
95232664
74101857
13175575
73995655
61174762
51483183
66508666
33129301
38836249
16362187
66796253
57836160
57344807
10925269
42261325
32602461
24265394
45383436
67764596
25938473
92553747
38511423
50226340
96903100
50865678
13582289
77007147
58384711
41396243
18689701
44264386
72420415
85300374
89298331
81177463
59544722
21584957
63821269
53382122
86194415
25723591
28070798
79142115
54629468
76625510
65574855
84271238
48030408
13299305
30242322
41052832
41808646
80240519
28809940
14326734
87347874
53786474
39319187
57557993
87984507
74946267
61968837
68023394
48171194
37052774
73946089
83045211
62217007
93488851
33078421
68212273
19574241
79716351
32499661
80798148
10332687
90176274
93737931
42055980
67118383
49616619
51294004
10833625
21885473
97702506
41333264
39508271
17831098
26395782
46640069
37741914
52038334
36039524
81465616
79377948
72267061
83983334
62358791
85707801
32890999
42722526
33263772
31009137
59284797
32865244
26337176
81857453
21362614
62398537
43173636
55843267
89999988
59722449
25539009
44629930
77580432
64563952
96128987
73974242
35687973
73048038
96554212
46709703
81753252
40762018
37491725
36573640
27179328
41279160
17107023
41308179
28527558
61781196
53020385
38668076
28601211
85733814
18112893
39951696
33857598
64233781
19712103
42662312
50713769
83299289
71194022
97375292
14618042
42444610
45343250
40773154
59736617
15381197
28233109
30762433
30591923
86619385
76733686
48956965
70258235
55197790
29742091
13426163
60462987
70615080
46111590
61327135
50394375
90114583
11373963
29604575
67978105
15456282
24445789
39562045
91861338
91311759
39339571
16832212
19267480
10053660
54784120
17937555
18548111
72869493
38146291
41664202
13541937
10670001
48857596
19730802
33317703
46008274
55004075
28494366
69985655
75579968
10759981
87660848
33538583
89398089
30710140
14057670
68735322
29634294
65114616
17400268
55829175
76478178
72312699
31542632
17513342
82082871
47414950
43117926
62736177
54974542
93851248
37473461
29869031
71746597
48789363
57229529
84938999
38001859
91341737
28895346
70928839
40028123
79116981
87308164
69517465
10210622
41601085
25122992
44652638
83874908
43290737
66113642
30496390
60343026
31816569
65804055
27560445
65218497
31899943
81687292
54402291
70424477
54841582
58098447
26440796
14154402
29162724
54269848
74442941
77453110
29656590
44873118
17000471
24464220
78593988
76819124
58135012
51303247
99076028
32943201
68492430
70136326
26993080
68920953
96274611
60794386
54884928
81975262
12673302
53057502
68238728
51795281
17607480
94751930
44427240
42173693
83509988
52855096
42151171
14481797
59057436
21054671
69927705
75536338
91009442
60642944
34439577
37308095
75629012
28248634
54398339
67506424
19654563
80611722
65328875
88518395
15367972
95382229
13855890
98404523
91590940
25204486
61580848
89185004
49874391
23770735
87803465
38730635
52617248
64973807
40587671
28231969
13703644
49754101
81315647
80599461
93924196
84270335
50476208
22284464
23590847
24883802
59273768
14077997
98305581
26566231
43259606
12059255
90186197
33334095
97528501
38704576
74714972
10694775
97777818
28791222
45255975
26870735
35476786
27746935
91681629
79566446
53127072
29101920
69033076
80401243
52986147
47595159
97513474
29263906
34441408
62111146
54722126
24342503
15654285
94866850
10966111
20152140
21817600
86158323
34569384
70645787
17107933
43726679
43196132
54349002
56782056
47320031
67387064
95318494
62202941
90790872
58453436
99293201
79789469
71757653
89601145
96178457
10482484
14443341
88222541
17808489
54199075
68524959
58034150
31032882
33009706
66637760
79225963
89107873
90669857
58006670
98032861
51353420
41198571
99218786
99582699
48882844
10691001
51592326
26949900
78399789
21045632
94107702
62517397
53663611
18743719
95542018
80632687
86897492
39901098
61889812
49743985
93748385
69214266
12320579
86476596
44591254
71073946
71339805
61329797
25420489
57122375
40537832
65096618
74562459
16110898
55057358
53376466
54640041
92049195
32312143
80275856
69409585
27371620
15892521
71810441
83412935
77729917
21733645
36545669
43019997
69456914
53557423
84967674
63744504
16617294
87003929
86089625
90940355
73224391
39400209
10104628
19088682
60391354
21285575
93038556
81272339
40049446
55182789
34205404
57294194
55669332
90196109
58659352
20876412
38790217
55136239
33096665
58334881
27694511
65434176
34608191
48588398
70838623
14522426
20658232
61738617
47291045
22515596
40243629
53878023
39473384
36333515
64398367
38675101
80083313
55599177
18326024
78803517
66029098
39509685
89849289
24591930
41757261
20815690
98282251
66524757
99619813
18613197
20780316
11091785
33894772
89333433
70016916
66857719
26686154
78359540
36134340
48619836
30830089
69738057
70439665
25353042
80166618
41978917
16636546
22166589
80870034
83132150
10807652
67240209
49872880
51427679
44771372
25993963
70013054
47016000
31753332
48103392
52800220
25803354
82261486
37627579
66820677
83737286
53150808
81381621
64259605
35367329
87890785
17981989
71065120
54992759
16374382
66164051
90563818
79722582
18148072
36936050
68676574
14487839
24627982
42536437
85768876
47441749
65216714
41618369
76620660
28586041
42818763
58320456
44622694
87901410
15991303
40465210
10279351
52883224
37440090
18463467
84900210
61164468
99748741
96477200
49528436
50871151
91949976
22818901
39471740
41694779
19282637
82058001
66153130
68466708
70759393
63439125
93896827
80288390
49568312
24578148
96629760
27987424
10360105
38462884
62059624
30560350
53595453
34630726
41263138
68936212
89017268
90695364
87865677
99934240
90480270
77285442
75064948
55836114
27326849
41902530
32911302
51255172
24019474
54077892
49265168
48003635
69475785
29379796
33901123
12541596
71555813
50073137
85795709
33273803
98611228
85409487
62881512
31155005
35853964
77795731
95224882
32846822
42324115
80849982
92750578
52722766
59698469
23926619
24693254
35582806
46465842
63165836
21429466
74164932
13414182
52247443
49860504
85844546
32892589
24915139
33981253
60699673
30635310
59075460
33144062
73704872
14727628
92494985
32201918
32743683
13599110
28924344
16540378
24612381
21304593
50983345
57674500
88097275
43375940
12942747
25921242
53184614
11304073
78763929
52747297
44208463
21335780
41117526
89514560
75968397
49354531
27033555
30120302
19087602
41047824
20315083
64151348
56374711
97310108
59890786
57877535
37371527
36734937
32782650
16625453
73392096
45017265
98032752
45623779
64225475
15861136
42727604
58429973
92387199
79286600
90935550
60544596
30214875
69916368
82527129
19170293
94683079
15685804
85732488
92426669
32830804
64281747
74152927
97180110
79104668
19351355
64512934
35674006
88900405
72031940
95038081
79977032
14704234
66379093
21928259
79707109
66948963
47502438
40635094
46620084
78626911
42154385
26644210
94618575
22768859
32502104
68017111
15836166
28457783
24162515
61316958
82209517
76898824
40522822
91535573
99480216
78925475
25946838
99445847
42564158
85875675
96064442
82122315
52518531
68224774
47808111
37613350
62107546
42761551
83344079
88338191
87920564
19959018
38109261
47836389
25155172
89324219
37304778
74137395
76365483
78875228
85695715
34603133
33483008
94434424
32708793
65530379
29035551
74536100
97991258
98305937
66538771
94499865
59559846
20752491
34547352
94284965
90250288
90743119
90746782
89219912
17761772
64727347
39398635
51096353
59401641
33278220
86456849
31846472
41801427
21060148
62284647
27029860
22769365
90721274
51330645
51944092
47707068
11771646
69123933
98842348
64446377
73377083
54968443
75712954
65534144
68142160
60905147
10472277
19405931
95251675
91808314
87359476
85668457
88825364
20330796
33566712
72177630
29476890
55924080
78212427
38190607
12667662
50275000
20737835
57132454
96779477
63644247
73529581
98522575
62428796
55963858
94005982
24362397
18827340
20497439
24205583
76274566
22464771
29540121
25808647
39266076
83317738
50207010
91367010
91302708
24888206
39951640
17455677
53083220
87073105
70436102
93025529
76028407
93552358
28026311
81696873
81452172
86884290
87183238
81866700
96890854
69838262
32013592
67065575
27788483
68412125
31436609
32020827
74200647
97580079
78407124
38852102
58921869
90132275
78979931
28983385
13468337
77774597
67832200
65307555
96853643
25486278
38928034
33872679
12493929
41877224
46885345
19489117
59504495
44729754
45466894
75940156
46111597
40777238
69244824
77937927
78242253
23800022
57502229
14088771
74419199
82423494
33220588
45741917
62364460
17511289
28020907
42358286
54983810
83628612
91068863
88343929
52658125
55127300
50917241
28292570
56426386
84347844
89582785
31659259
92304654
23611441
95226831
70313794
67742176
32820678
97193202
58725812
94149810
63606970
84193434
50239277
52857904
66453484
52297273
31223197
35377139
34246532
58299911
65848009
20020656
78416666
88072167
97475397
18846421
44585319
71196797
89932546
25367016
71965039
61842691
91839960
74521551
68543665
71213929
75383006
24264192
16389885
36975851
75728381
99087953
94159208
99614081
46587839
85574138
30402680
71597280
49790493
34770401
73067098
77219650
79322222
59910981
58543004
37616176
38223112
77153357
44382475
18914564
13203778
19498470
78237120
16158368
62599899
84795632
45331347
65729886
98360039
69209149
73639397
59067817
12058035
87357904
45743233
43996896
67958653
27880380
87784535
51814908
91202687
31583040
46307996
34310472
52692107
67436777
54298906
14084231
59549552
10612718
40681727
10960515
85884089
63463754
41243910
47281985
33895966
28325418
31315445
18986223
62187750
92962892
66607802
67188667
54307091
68974359
37773933
43569403
87422451
72727665
29073330
88152129
21595437
23135321
54755674
95538096
87391889
56565732
34230338
14861137
26767131
20277033
78880372
64740178
28887400
39554663
68807412
13835078
14108907
41177537
80945043
91438024
38337988
91843187
97953497
31202129
46431430
12661363
23377351
34854857
26363941
62296741
14798038
26039351
29659589
91523385
80430225
96068080
77090149
41237335
51449649
59201029
66702953
70948535
61549136
75442455
27278469
14583502
26784642
42140911
93071116
45061845
36301914
32494762
95284932
80855141
91421226
82651913
45758025
20352804
47730404
81253532
88919366
70052631
18732948
39903868
48749391
13930703
47380949
40351585
32952425
92424337
53343140
22331186
72889086
79394024
97845114
36802637
51720203
71700679
36615190
11463326
45104377
56832815
43655132
42316365
14555658
81101505
21569474
65163469
67542546
76264717
33459323
70850251
18843353
14128028
38889035
83565447
32252451
34623167
82915754
75283733
61305678
15960283
39797124
97626102
63334447
98122730
88312322
35080896
13402592
52210952
46713979
12512676
16516156
12695063
72223997
68909713
57808322
76636398
46898941
84297623
12640882
68508452
81608694
22176176
95632416
16265564
93274208
78665779
54501451
15366301
30392631
18919997
47550282
70987479
38282389
80541479
33135266
37364529
74359966
22764163
74088760
21662159
29940773
84655911
53683664
72678033
19751136
87064847
29785483
49339864
94420333
32988139
36082982
33526229
57558719
55237934
11661062
28142105
83283305
74941926
72821431
87292317
26814257
87500766
32236297
71752920
28443337
81197875
36447370
41907684
24888352
63414253
31435992
13408646
11542554
92281239
65851902
60733986
48025463
88156406
52214659
91902941
39529094
41991976
81089769
28163651
87288292
21987008
33113917
88158185
18962798
76998636
41376211
36650133
57136551
25604711
20454079
52216907
82816750
87998133
70652429
19365079
79335394
55104695
24154044
91675843
70303106
45648229
91287300
20562685
16349992
91799395
29619617
40334122
88794833
68538206
50806417
39166621
30857817
51075446
43665174
77696706
21084660
99984739
50090433
21436331
40447447
47604191
23742617
78678541
94993773
48581149
59690517
28976965
82586922
71572685
24208724
72005010
34380739
21582230
77220595
95796145
61486584
36957192
88776925
74204098
43460804
40949037
73500305
80101929
24920273
44409483
66947453
65590368
62141630
37873037
87521002
87311879
66407195
69361143
84210207
11204122
45409357
99836735
41811799
60765760
57900437
63350985
18271284
49031425
79673666
26182526
62361920
15301438
72898636
57751749
62831922
19530931
39554330
74817357
99403413
11041280
35870409
24239613
55515671
38547001
73423488
78201057
88334622
31364580
79773530
96804645
56635335
24657144
13376931
50337866
97436521
54550182
36719286
38111247
88389861
15540963
28774592
54129497
23936456
59536500
47875094
87109182
26062834
97103443
68588898
23354278
32444762
74462648
80816310
37209158
90727623
17083437
24100150
32848525
90317836
35724367
75702382
44169299
14572699
24923726
36157526
62899767
84737330
89399637
85159993
31574138
81205405
21784605
25357814
55252574
99279385
52996206
13437074
74620599
70092854
15765226
51849550
54107871
67928859
20998787
98088097
18946674
33843582
46610978
45101829
55520194
89972711
97062771
66718394
67995456
53193579
11646527
44813336
11478646
92417700
78712613
68949364
90103290
97169358
49293405
39448296
40643907
56397921
35350154
49259705
16450502
62375172
82692322
96045220
58845619
87942664
94136253
32748387
10588011
42496964
32107761
36131673
81122624
56808530
57103511
93606723
17987764
21575593
54515687
49983334
39524193
60603806
91086171
69862152
15932498
47186467
30668825
64720633
38136526
68753239
17191716
63136229
49175242
83533320
62624492
85086560
78713349
89730382
83251769
57748418
15625257
15133307
48083889
92587745
49951812
66348221
22269595
15992236
31872999
64000002
85118465
70726052
84443072
87846238
19375500
32261078
27192143
80259785
11499215
30344172
60320282
74597132
13230003
20822327
98445887
87106930
13874847
75710254
70529208
13565474
48381378
71242311
49872741
89348545
39544391
97213369
12464151
38444164
96625339
75073841
18317448
59604383
62151480
40646353
78117670
15501495
77598750
81026434
87283731
90434157
89800544
79442735
39863551
30307771
46833707
13147673
80102282
48640018
16829456
84870022
66209659
74155074
90420563
34586491
19980419
38382500
84734899
71935016
10050650
80631423
35915841
40300008
73034215
54771131
43487074
78626103
88327937
49521960
88894873
38728985
65645824
92250582
49899603
49107014
23112386
93497065
98692938
77832500
70544268
10168378
12804339
15496252
72892841
43756347
92248295
77775247
18730183
53309894
56777501
69482736
32449909
32626078
66151885
35174864
21579926
82756749
19908061
71508532
89950960
75684344
93681111
17520507
69378184
75949891
16321171
37589153
10905135
95827231
51135869
37443734
77833915
93678361
54361168
63564850
83136589
75450109
54612156
54038223
91318801
71060248
76862772
86948226
68644974
98493917
17040349
90311497
67332213
45878796
52156369
61969974
46615343
73873916
71756366
92879215
12805723
24408310
56446194
48142054
18543740
29039548
26884435
37420083
70097050
41170285
67646821
76357446
70359286
38436169
51768996
93888548
44681701
34778895
94357337
32109089
19364855
38218780
28037084
71930097
34762681
73323482
70786460
81226038
28420439
70871895
64321598
69938267
43759490
88484422
12064238
50190690
51862580
78096927
15438322
83752504
44429544
45720204
17789450
13651209
94418273
52764750
40204760
65481456
27081318
19921892
76007295
76253966
96606017
92971153
79579075
27167092
29561286
42349162
68101528
58848133
37731387
78811597
87735367
82375622
39296730
40954516
53365419
82891223
65920585
80028202
52333646
22687259
60303556
20580884
17239815
66748367
24873852
77387046
23446143
15799777
86710959
54937966
44717209
73104283
96847676
17239613
19312460
48242945
43242050
52797381
58019722
26230639
47747562
79517178
49732780
89412217
97239071
29639922
93078761
94117910
62874933
70248328
54380986
66732630
83172107
27757298
66056664
92295002
94297335
20225337
44325678
66626222
27881232
76961910
38402381
51618854
53075551
78164243
21670089
16932509
17678676
62825410
21110367
98292739
94170514
35903128
64481296
70053935
17873006
62870037
21341877
31151558
95994092
47241476
67237932
66353953
85647625
20503663
96762438
91762412
18401210
49301675
21144310
36013832
14189139
49473186
98373114
44548277
38825676
16464300
87775988
56838924
95728999
77090326
10881036
48601244
96791943
64408394
51102408
84099280
97414685
32210097
25900233
63993866
62001590
25284058
23623002
80397938
67727025
96666793
70514037
18084046
64050869
42116264
84718170
43619508
90939064
76309871
66343359
51497066
59780092
34826334
24215105
83396171
45588390
77313143
10568321
93621177
60406760
43343610
35754638
53496522
83778290
86707032
55253483
29462395
90775993
38746270
95827132
55872316
58260612
62956697
22171006
25852918
96024201
17803163
96178012
35339183
12410658
14483010
15153389
76424369
39047196
64646087
97260343
43366520
52126946
71988320
55351461
49967679
15673201
67742638
48768557
96400447
44656954
45005892
32325516
82987442
46868548
48858311
90773727
29462384
39363185
48301007
66836417
85323092
72545354
10738769
76512671
61617528
48291632
23493289
43870378
50578007
34961756
28910194
74461741
95770307
78450223
86153495
44961521
57100462
45494914
40710652
14473943
93443753
43340983
98583705
75456072
67304909
71659212
71644124
16176900
86268146
53643138
51279043
16317596
45282130
72539027
46096565
79293775
92465470
13450884
23400423
53567233
73960042
35610993
40130609
93396739
26095439
59091125
30859186
74278161
99330704
25218591
54236170
11083914
19562853
81812236
24678934
11406378
28382739
49583135
41434129
66918950
40628812
37585702
66155322
68341630
16594027
70132655
50204755
21220919
10130816
44995711
45053431
20378673
29190895
65498821
11628737
42216167
68530031
57284141
15936773
21883929
73149395
23795596
41094351
42900560
27049046
75723857
48074345
82179460
33042710
28400622
35898810
59408212
97273167
85500763
88370452
81963478
68067029
50107975
78915767
26801199
38284587
29674478
10293918
44635953
62604289
87981926
36595772
52174552
78151186
86741106
40604799
88584327
26257273
92348992
47702764
92524459
76767651
65110350
53568670
90771109
65396483
84817643
49624972
76181965
42671781
89909478
78259391
18451728
37716247
14147674
17647487
17403179
45294132
46901326
89681866
38913524
38348661
17466521
59554387
24292668
48935239
99800596
16802616
36795105
92474731
65477055
52720997
78079739
96965579
66667446
32571960
69669205
59319750
26307725
94729589
76696900
21088983
89217432
11617585
26394757
75250488
54475578
16333161
61963824
71943090
32100954
80249591
25765913
66073832
47750372
96911406
33262406
31725173
80394048
23954852
27619958
92212577
97490331
95859579
52242288
92086999
33388858
46427705
15505417
96107001
11480173
57949109
19979879
54905933
88433613
71110928
58153045
39037001
21344723
58675716
15810759
63369305
43304088
68663962
55332648
36186256
56201582
46464664
68164915
24076222
40402690
67479629
21245913
42927381
51901133
19750357
65230798
76115783
86688297
99220292
94955856
42500974
27449022
59117914
11046253
84269681
91197596
21186784
94049801
41868480
35251328
48420407
84304572
22543414
53470785
16866494
86848215
63611148
47873922
18695915
18390178
69841647
67605374
94375489
14602250
10147898
56873414
64042690
79164937
51633154
20523127
53608739
27432922
27369408
50632374
79338413
50591584
79504716
56896047
97631007
15025013
52585369
23216859
86791039
42602210
75809748
14735580
46627646
55045574
63653891
45132518
65429206
16288014
40568968
53604388
71010117
54033719
21319978
22538643
37124828
22502158
30103651
27598256
85775257
53779212
85655412
40644455
26037654
40228528
26051366
82492297
38512274
12875833
32697410
94640834
42517496
21043900
96448659
68909265
91300582
41623795
40876588
47638751
93928080
63900429
99261840
72979171
76299561
74312730
53503840
63203523
70926861
43972152
35592158
30702231
51171800
42347895
70699046
54692158
10879981
19200878
60664381
34052185
35141889
56911136
22514082
84463453
47225592
80403872
80204335
27270961
70264200
70699527
61553219
55982731
57610651
15363529
95139985
69927697
86618219
85279230
26938880
87754676
70753710
47933810
32882775
57096157
82058775
12462349
98105556
47895326
26468318
38094901
91105077
99319526
73480855
54623266
98021312
47498912
68567206
67397639
58013532
56267002
11723309
11294368
39472990
14773343
98096595
54569642
35555188
29383932
19537747
70656922
56537873
41350554
94793026
24680902
56709354
52009977
74925531
94590955
73949481
96806799
52364913
10603872
63455251
61548577
97391662
26369457
90440691
54531768
87357074
43780921
72371649
55482986
36721231
48522110
61337554
94576914
17723094
59610168
32138532
56150632
96242027
66156794
30646007
75034224
94628699
68779459
51333727
96469942
85785973
34764229
96784351
39599684
42941620
56850954
22075384
67962115
41730525
16802367
33590044
46191636
88226459
82905043
39757780
88897790
74447584
43938643
13607103
85526964
80672647
80029181
60691046
38262862
38425180
33982206
86393686
56351733
51964959
67467658
92842861
25720901
75883849
90980981
17874540
37288749
41770635
93795804
35439575
82395513
94526268
51144265
78225616
64762727
80585300
93231318
70876889
31432966
67280017
33357873
48785920
86561185
16493835
37166110
59386683
83484865
12689939
35757654
81019586
49152163
77856464
60811617
56925657
18343372
33427347
27789250
70699118
48543280
44853064
30678044
24332143
49886670
94397933
29199475
99861984
43017577
73148713
32330819
33324896
33134228
11246543
77190500
85011968
99675515
62299043
66224383
81526444
43388191
20262119
17919921
24474985
35041485
81519307
52314993
59957093
73060045
36738828
77469218
35570886
45980040
69039851
33267033
77612842
75387589
68440709
17342179
22551937
55633997
75068861
57105343
15771819
75668368
64369319
40381938
66002893
98763300
15305398
55824672
45062615
65165369
68273936
40471841
47261239
20379186
60548687
15690192
69667118
61295824
14985184
23026783
67027845
55989350
37717662
30587612
85923908
73786834
67748273
58213719
34159066
54477277
92618008
59649386
58111103
12951469
69621978
18721054
14201462
94441492
58258836
18159331
91196580
72049007
30948920
90380396
56695230
26536890
61068354
64637311
56303601
39452991
60963362
65035294
71889797
52442342
58310371
24206755
54733165
14883553
14605574
55772004
61204285
21419950
87569355
42889583
57159994
22385251
84738630
62385643
54572372
38199371
48534417
65449265
32754098
85789031
24308698
23048164
71503483
79092717
36562469
54314089
63117645
46451810
52901079
35231193
86556338
81694268
69477246
41237870
85129870
53286262
21035959
31015513
51261081
85515172
22215667
24481253
97258522
13435738
94108313
72506398
94916142
43750617
67636452
49019619
96538027
48015701
86639071
39857749
25437675
88044964
23843592
47988376
57589212
85679809
22787858
97598189
36845331
92748035
14134908
58356600
17919724
91309372
57546612
21232452
23678104
43525100
54702392
32918788
44622622
29555270
68144270
70877653
37086017
90214582
43790175
76837762
92217584
55833234
78516522
59388004
76207237
93601984
96181250
57244866
39767456
45116904
85139223
12280932
39558737
58356730
89617499
63705508
43425215
54121358
32607602
65719765
96419980
12950631
29264526
45885500
31380080
87449858
10456954
37109788
46284932
68050054
31499795
83967385
96432233
69721956
74818177
48465802
91738698
95007455
16371058
67296868
28620199
55022736
91105499
28713842
99709217
32808335
43784690
45287132
22161712
43580962
33348320
14713470
90922541
44237489
25870256
37588547
62570082
38719938
61131748
40981353
74646966
71741304
61795557
65159022
19678833
61423365
90167579
54552806
35050501
86570536
69538432
96597161
73362390
71087672
18487582
75661285
63529077
15206509
47443522
63700190
24164396
58410946
93754325
55281616
48917917
99825965
20787042
27743850
61344990
61533359
89694717
75505244
58711979
60527008
33172963
56096981
17199962
50502909
43099304
39948334
19750673
38331297
70304367
35139443
45094591
75032752
32506172
14450762
86718909
50431381
94381488
35806789
75138791
67649690
55484429
47243913
58620060
54292338
66995614
36647031
84862298
36542622
65693235
19195932
75211436
17509094
85683833
34221308
89791967
54839782
40319130
82697791
64679737
54990586
66150004
36877414
44023718
87698069
90262964
86457217
14278353
94924781
44172782
57343353
41144525
36557913
76030155
19150587
25001542
98097648
64780897
79217317
31634528
31771400
83247001
62735004
30308550
19443882
24645977
94918009
